Date,type,plot,pot,CO2,Obs,HHMMSS,FTime,EBal?,Photo,Cond,Ci,Trmmol,VpdL,CTleaf,Area,BLC_1,StmRat,BLCond,Tair,Tleaf,TBlk,CO2R,CO2S,H2OR,H2OS,RH_R,RH_S,Flow,PARi,PARo,Press,CsMch,HsMch,StableF,BLCslope,BLCoffst,f_parin,f_parout,alphaK,Status,fda,Trans,Tair_K,Twall_K,R(W/m2),Tl-Ta,SVTleaf,h2o_i,h20diff,CTair,SVTair,CndTotal,vp_kPa,VpdA,CndCO2,Ci_Pa,Ci/Ca,RHsfc,C2sfc,AHs/Cs
04/23/2013,wp_peak,5,5,400,1,13:23:27,793,0,20.86981097,0.518722154,291.4909805,5.443825173,1.219506118,24.54878998,6,1.420000017,1,2.840000033,22.67502975,24.54878998,20.95355034,399.835022,372.3768005,12.21158791,18.61832047,44.4965477,67.84137726,500.3302612,1800.55957,571.6674194,100.7413406,1.54901886,-0.104444847,1,-0.219565243,2.737391472,1,0,0.159999996,111115,0.833883769,0.005443825,297.69879,295.8250298,288.0895248,0.319049013,3.095140682,30.72363999,12.10531952,23.61190987,2.925861485,0.438610535,1.875634564,1.050226921,0.280355704,29.36519216,0.782785018,65.84166406,362.4562919,0.037910863
04/23/2013,wp_peak,5,5,400,2,13:23:32,798,0,20.8979336,0.517103953,291.215012,5.432275038,1.220157592,24.54366493,6,1.420000017,1,2.840000033,22.67424774,24.54366493,20.95744705,399.887085,372.4041748,12.21009064,18.60239029,44.49331665,67.78672028,500.4041138,1800.683594,816.8077393,100.7415848,1.54901886,-0.104444847,1,-0.219565243,2.737391472,1,0,0.159999996,111115,0.834006856,0.005432275,297.6936649,295.8242477,288.1093686,0.325911953,3.09419187,30.71414726,12.11175697,23.60895634,2.9253409,0.43745301,1.874034278,1.051306621,0.279599072,29.33746182,0.781986432,65.79690311,362.470298,0.037934675
04/23/2013,wp_peak,5,5,400,3,13:23:37,803,0,20.78854331,0.518392141,291.9312276,5.43081552,1.217280694,24.52511024,6,1.420000017,1,2.840000033,22.67294693,24.52511024,20.96077919,399.9163818,372.5621948,12.20591259,18.59701157,44.48126221,67.77194977,500.366394,1800.861084,700.6923828,100.7408218,1.54901886,-0.104444847,1,-0.219565243,2.737391472,1,0,0.159999996,111115,0.83394399,0.005430816,297.6751102,295.8229469,288.137767,0.329348226,3.090758923,30.68030285,12.08329128,23.59902859,2.923591642,0.438374562,1.873478229,1.050113413,0.28020145,29.40939179,0.783577163,65.85343677,362.680317,0.037746659
04/23/2013,wp_peak,5,5,400,4,13:23:43,808.5,0,20.73351211,0.516471721,291.7658756,5.42211135,1.219166813,24.52715302,6,1.420000017,1,2.840000033,22.66903877,24.52715302,20.95999908,399.7331848,372.4460144,12.20011139,18.58191109,44.47097015,67.73345184,500.3000793,1801.193604,778.7412109,100.7415161,1.54901886,-0.104444847,1,-0.219565243,2.737391472,1,0,0.159999996,111115,0.833833466,0.005422111,297.677153,295.8190388,288.1909701,0.33373641,3.091136709,30.68384146,12.10193037,23.59809589,2.92342735,0.437000461,1.871969895,1.051457455,0.279303282,29.39293666,0.783377629,65.78534579,362.5902957,0.037617147
04/23/2013,wp_peak,5,5,400,5,13:23:47,813,0,20.92437813,0.516218896,290.9831195,5.418076637,1.218759515,24.52230453,6,1.420000017,1,2.840000033,22.66344643,24.52230453,20.95570564,399.8800049,372.3679504,12.20057011,18.57725525,44.4872551,67.73873138,500.3311462,1801.303833,768.8706055,100.7404251,1.54901886,-0.104444847,1,-0.219565243,2.737391472,1,0,0.159999996,111115,0.833885244,0.005418077,297.6723045,295.8134464,288.2086068,0.335970812,3.090240107,30.67527364,12.09801839,23.59287548,2.922507931,0.436819443,1.871480591,1.05102734,0.27918497,29.31376315,0.781439754,65.78450712,362.4215032,0.037980636
04/23/2013,wp_peak,5,7,400,6,13:28:20,1085.5,0,16.74220161,0.371261897,290.1497296,4.508005835,1.349302234,24.80574417,6,1.420000017,1,2.840000033,22.55864525,24.80574417,20.94706535,399.7119751,377.5911255,12.49450302,17.80481339,45.85163116,65.33911133,500.2805481,1800.629028,1108.043945,100.7444534,1.325080872,-0.105733261,1,-0.219565243,2.737391472,1,0,0.159999996,111115,0.833800913,0.004508006,297.9557442,295.7086452,288.1006381,0.758083262,3.143038427,31.19812873,13.39331535,23.68219471,2.938273721,0.328339395,1.793736193,1.144537528,0.20868024,29.23097592,0.768423064,61.07975689,369.6326847,0.027665562
04/23/2013,wp_peak,5,7,400,7,13:28:25,1090.5,0,16.7028997,0.371153673,290.448531,4.511640925,1.35073757,24.81200027,6,1.420000017,1,2.840000033,22.55575371,24.81200027,20.95042992,399.8072815,377.7350769,12.48849297,17.80215263,45.83780289,65.34107208,500.3697205,1800.680786,1106.016113,100.7448425,1.325080872,-0.105733261,1,-0.219565243,2.737391472,1,0,0.159999996,111115,0.833949534,0.004511641,297.9620003,295.7057537,288.1089193,0.755048415,3.144212634,31.20966349,13.40751086,23.68387699,2.938571373,0.328254746,1.793475064,1.14509631,0.208625531,29.26119152,0.768921259,61.0514155,369.7953183,0.027575678
04/23/2013,wp_peak,5,7,400,8,13:28:31,1097,0,16.70820671,0.371193497,290.3990381,4.506637751,1.349133016,24.79792595,6,1.420000017,1,2.840000033,22.55291939,24.79792595,20.95581818,399.7706604,377.6936035,12.4838562,17.79191399,45.82854462,65.31455231,500.3475342,1800.464966,1105.955566,100.7445602,1.325080872,-0.105733261,1,-0.219565243,2.737391472,1,0,0.159999996,111115,0.833912557,0.004506638,297.9479259,295.7029194,288.0743881,0.758795191,3.141571566,31.18353545,13.39162147,23.67542267,2.937075784,0.328285896,1.79243855,1.144637233,0.208645663,29.25612339,0.768874652,61.06618696,369.7513223,0.027594397
04/23/2013,wp_peak,5,7,400,9,13:28:38,1103,0,16.65831815,0.370076387,290.4638873,4.503540897,1.351810681,24.80488205,6,1.420000017,1,2.840000033,22.55254555,24.80488205,20.96136284,399.7690735,377.7520447,12.47352791,17.77822495,45.79183197,65.26602173,500.3274536,1800.2677,1105.369507,100.7449265,1.325080872,-0.105733261,1,-0.219565243,2.737391472,1,0,0.159999996,111115,0.833879089,0.004503541,297.954882,295.7025455,288.0428256,0.759043468,3.142876646,31.1963764,13.41815146,23.6787138,2.937657913,0.327411816,1.791065965,1.146591949,0.208080771,29.26276297,0.768927373,60.99155987,369.833478,0.027472278
04/23/2013,wp_peak,5,7,400,10,13:28:42,1107.5,0,16.73088932,0.367803219,289.5748413,4.495207883,1.356669997,24.82439995,6,1.420000017,1,2.840000033,22.5543766,24.82439995,20.9660759,399.7753296,377.6750793,12.47132969,17.76636696,45.77866364,65.21522522,500.3187866,1800.262695,1105.410889,100.7449112,1.325080872,-0.105733261,1,-0.219565243,2.737391472,1,0,0.159999996,111115,0.833864644,0.004495208,297.9743999,295.7043766,288.0420248,0.760973697,3.146541058,31.2327543,13.46638734,23.68938828,2.939546691,0.325631304,1.789871061,1.14967563,0.206930234,29.17319167,0.766730073,60.86872759,369.7220159,0.027544693
04/23/2013,wp_peak,6,1,400,11,13:32:46,1352,0,15.17330654,0.227847463,258.2842456,3.31662395,1.54580346,25.17321968,6,1.420000017,1,2.840000033,22.61231422,25.17321968,20.96063423,399.8059998,380.0990906,12.6336031,16.54495811,46.21257019,60.51995468,500.3509827,1798.747314,1065.540894,100.7472992,1.425849915,-0.056713447,1,-0.219565243,2.737391472,1,0,0.159999996,111115,0.833918304,0.003316624,298.3232197,295.7623142,287.7995639,1.333817436,3.212663305,31.88833181,15.34337369,23.89276695,2.975736642,0.210925349,1.666859845,1.308876797,0.133250962,26.02144017,0.679518189,54.35215971,372.8864273,0.022116707
04/23/2013,wp_peak,6,1,400,12,13:32:50,1356,0,15.23871359,0.228362475,258.0893662,3.321422538,1.544820917,25.16637421,6,1.420000017,1,2.840000033,22.61607361,25.16637421,20.96325111,399.934906,380.1466064,12.62457371,16.54171562,46.16900253,60.49428558,500.3363037,1798.529785,1065.143433,100.7472992,1.425849915,-0.056713447,1,-0.219565243,2.737391472,1,0,0.159999996,111115,0.83389384,0.003321423,298.3163742,295.7660736,287.7647592,1.332335185,3.21135409,31.87533676,15.33362114,23.89122391,2.975460607,0.211366628,1.666533173,1.308927434,0.133532753,26.00180659,0.678920611,54.37061605,372.9028518,0.022218608
04/23/2013,wp_peak,6,1,400,13,13:32:55,1361.5,0,15.2696718,0.227623447,257.3914034,3.317645289,1.547686077,25.17538643,6,1.420000017,1,2.840000033,22.62065506,25.17538643,20.96758461,399.8562927,380.0327759,12.61771011,16.53049469,46.13076782,60.43603897,500.3295593,1800.273682,1064.912109,100.7466354,1.425849915,-0.056713447,1,-0.219565243,2.737391472,1,0,0.159999996,111115,0.833882599,0.003317645,298.3253864,295.7706551,288.0437826,1.336980434,3.213077799,31.89265612,15.36216143,23.89802074,2.97667666,0.210733358,1.665391722,1.311284938,0.133128366,25.93131788,0.677287381,54.29936188,372.7743052,0.022242237
04/23/2013,wp_peak,6,1,400,14,13:32:59,1364.5,0,15.1716687,0.226959658,257.8755625,3.317182693,1.551634208,25.19315338,6,1.420000017,1,2.840000033,22.62332344,25.19315338,20.96901703,399.8269348,380.1204529,12.61276627,16.52509689,46.10512161,60.40638351,500.3205872,1800.282837,1065.199097,100.7464066,1.425849915,-0.056713447,1,-0.219565243,2.737391472,1,0,0.159999996,111115,0.833867645,0.003317183,298.3431534,295.7733234,288.0452475,1.335151639,3.216478338,31.92648202,15.40138513,23.90823841,2.978505567,0.2101643,1.66484413,1.313661438,0.132765004,25.98003626,0.67840486,54.22064641,372.9085682,0.022059501
04/23/2013,wp_peak,6,1,400,15,13:33:03,1369,0,15.15508982,0.226699366,257.9012346,3.318577802,1.553924759,25.2022438,6,1.420000017,1,2.840000033,22.62663651,25.2022438,20.96917725,399.8441162,380.1566162,12.60565281,16.5196743,46.069767,60.37430191,500.3175354,1800.160645,1063.984619,100.7462158,1.425849915,-0.056713447,1,-0.219565243,2.737391472,1,0,0.159999996,111115,0.833862559,0.003318578,298.3522438,295.7766365,288.0256967,1.333380298,3.218219432,31.94382444,15.42415014,23.91444016,2.979616125,0.209941088,1.664294672,1.315321453,0.132622482,25.98257344,0.678407855,54.17370065,372.9526123,0.022013716
04/23/2013,wp_peak,6,3,400,16,13:38:40,1705.5,0,9.150027001,0.136000352,268.0792788,2.081778719,1.57658341,24.62745857,5.800000191,1.463913023,1,2.927826047,22.58341789,24.62745857,20.9617691,399.9101257,388.366272,12.8415432,15.21800423,47.05508041,55.76311111,500.3477783,1798.894165,1033.962402,100.7460175,1.809638977,-0.010594711,1,-0.219565243,2.737391472,1,0,0.159999996,111115,0.862668555,0.002081779,297.7774586,295.7334179,287.82306,1.997125322,3.10973673,30.86709339,15.64908917,23.60543823,2.924720909,0.129963425,1.533153319,1.39156759,0.081748774,27.0079197,0.690274357,50.40946476,384.1472589,0.012007061
04/23/2013,wp_peak,6,3,400,17,13:38:45,1711,0,9.12963194,0.13577654,268.2561633,2.074578275,1.573648299,24.6035347,5.800000191,1.463913023,1,2.927826047,22.57719994,24.6035347,20.9587059,399.976593,388.4584351,12.83458233,15.20305824,47.04719543,55.72922134,500.3058167,1798.893188,1033.567749,100.7457352,1.809638977,-0.010594711,1,-0.219565243,2.737391472,1,0,0.159999996,111115,0.862596207,0.002074578,297.7535347,295.7271999,287.8229037,2.003194747,3.105291579,30.82305741,15.61999917,23.59036732,2.922066284,0.129759026,1.531643279,1.390423005,0.08161938,27.02566438,0.690565937,50.42880659,384.248826,0.011981727
04/23/2013,wp_peak,6,3,400,18,13:38:47,1712.5,0,9.10821176,0.135987251,268.6411747,2.076724578,1.572948143,24.6003418,5.800000191,1.463913023,1,2.927826047,22.57678986,24.6003418,20.95842552,399.908783,388.4152222,12.83332348,15.20411777,47.04376984,55.73451614,500.3331299,1798.967651,1033.411743,100.7457733,1.809638977,-0.010594711,1,-0.219565243,2.737391472,1,0,0.159999996,111115,0.862643299,0.002076725,297.7503418,295.7267899,287.8348178,2.00261457,3.104698745,30.81716129,15.61304351,23.58856583,2.921749106,0.129951461,1.531750603,1.389998504,0.0817412,27.06446289,0.691634002,50.44493184,384.2154898,0.011958475
04/23/2013,wp_peak,6,3,400,19,13:38:50,1715.5,0,9.161966248,0.13530185,267.3772298,2.073500764,1.57806765,24.62335968,5.800000191,1.463913023,1,2.927826047,22.57561111,24.62335968,20.95605469,399.9202881,388.3658752,12.82871914,15.19587517,47.02985382,55.70780563,500.3284302,1799.009033,1033.362793,100.7449112,1.809638977,-0.010594711,1,-0.219565243,2.737391472,1,0,0.159999996,111115,0.862635196,0.002073501,297.7733597,295.7256111,287.8414389,2.001096623,3.108974745,30.85986883,15.66399366,23.5994854,2.923672112,0.129325413,1.530907094,1.392765017,0.081344891,26.93689527,0.688467363,50.34003736,384.141357,0.012006354
04/23/2013,wp_peak,6,3,400,20,13:38:52,1717.5,0,9.146765957,0.135826731,268.0592924,2.076340204,1.574435931,24.60458183,5.800000191,1.463913023,1,2.927826047,22.57520294,24.60458183,20.95544243,399.9710693,388.4329529,12.82676029,15.19713116,47.0243454,55.71439362,500.3334351,1798.984497,1033.837158,100.7459946,1.809638977,-0.010594711,1,-0.219565243,2.737391472,1,0,0.159999996,111115,0.862643825,0.00207634,297.7545818,295.7252029,287.8375131,2.002069155,3.105486024,30.8249081,15.62777695,23.58989239,2.921982663,0.129804866,1.531050093,1.39093257,0.081648398,27.00590001,0.690104406,50.40801685,384.2154434,0.012000307
04/23/2013,wp_peak,6,7,400,21,13:44:12,2037.5,0,12.46002599,0.13868756,228.7149779,1.883330867,1.399043812,25.23242188,6,1.420000017,1,2.840000033,22.48977852,25.23242188,20.96202469,401.2367554,385.4243164,15.89573669,18.11330414,58.58253098,66.75521088,500.3367615,1800.182861,1296.301636,100.7525482,1.499580383,-0.053885803,1,-0.219565243,2.737391472,1,0,0.159999996,111115,0.833894602,0.001883331,298.3824219,295.6397785,288.0292514,2.060833008,3.224005361,31.99924387,13.88593973,23.8611002,2.970076264,0.132230274,1.824961549,1.145114716,0.083200783,23.04361684,0.593410867,57.56253832,379.5014168,0.01889929
04/23/2013,wp_peak,6,7,400,22,13:44:16,2042,0,12.50496584,0.138012804,227.413445,1.879805263,1.402923283,25.24756813,6,1.420000017,1,2.840000033,22.49128151,25.24756813,20.9623909,401.2360229,385.3724365,15.89031982,18.10361862,58.55734253,66.71356201,500.3682251,1800.30896,1295.068604,100.7527542,1.499580383,-0.053885803,1,-0.219565243,2.737391472,1,0,0.159999996,111115,0.833947042,0.001879805,298.3975681,295.6412815,288.0494272,2.06101534,3.22691272,32.02803482,13.9244162,23.86942482,2.971563363,0.131616749,1.823989437,1.147573926,0.082812158,22.91253093,0.590113416,57.47315249,379.4281747,0.018941656
04/23/2013,wp_peak,6,7,400,23,13:44:22,2047.5,0,12.4144232,0.139878562,230.4566706,1.90533792,1.403857453,25.26433372,6,1.420000017,1,2.840000033,22.49245644,25.26433372,20.9610939,401.2090454,385.4421692,15.8829422,18.12623787,58.52622223,66.79242706,500.3713074,1800.187866,1294.403198,100.7531815,1.499580383,-0.053885803,1,-0.219565243,2.737391472,1,0,0.159999996,111115,0.833952179,0.001905338,298.4143337,295.6424564,288.0300522,2.045285322,3.230133587,32.05986689,13.93362902,23.87839508,2.973166527,0.133312518,1.826276133,1.146890394,0.08388637,23.21924275,0.597902069,57.51269956,379.540947,0.018811857
04/23/2013,wp_peak,6,7,400,24,13:44:25,2050.5,0,12.40521089,0.139381561,230.1236901,1.899599884,1.404392809,25.26198196,6,1.420000017,1,2.840000033,22.49288368,25.26198196,20.96157455,401.2590027,385.5050659,15.87983418,18.11648369,58.51310349,66.75458527,500.3517456,1800.188721,1293.959839,100.7529297,1.499580383,-0.053885803,1,-0.219565243,2.737391472,1,0,0.159999996,111115,0.833919576,0.0018996,298.411982,295.6428837,288.0301889,2.04866558,3.229681617,32.05546108,13.93897739,23.87743282,2.972994516,0.132861007,1.825288807,1.147705709,0.083600335,23.18563597,0.596940768,57.48376676,379.6082228,0.018785111
04/23/2013,wp_peak,6,7,400,25,13:44:27,2052.5,0,12.42329322,0.140084034,230.605598,1.906448813,1.402735163,25.25662613,6,1.420000017,1,2.840000033,22.49400139,25.25662613,20.96228218,401.2644653,385.4848022,15.87772369,18.12255478,58.5018959,66.77303314,500.3224792,1800.245972,1294.08252,100.7538605,1.499580383,-0.053885803,1,-0.219565243,2.737391472,1,0,0.159999996,111115,0.833870799,0.001906449,298.4066261,295.6440014,288.039349,2.04608571,3.228652519,32.04495097,13.92239619,23.87531376,2.972615749,0.13349914,1.825917356,1.146698393,0.0840046,23.23440425,0.598222282,57.5305244,379.5793636,0.018829226
04/23/2013,wp_peak,7,3,400,26,13:49:17,2343.5,0,16.83263096,0.245006166,253.520143,3.003361438,1.307986023,25.00910568,6,1.420000017,1,2.840000033,22.51149368,25.00910568,20.96115494,399.7639465,378.2175903,15.05933094,18.59374237,55.42836761,68.43735504,500.3692017,1799.315674,96.60115814,100.7553024,1.680732727,-0.053045616,0.666666687,-0.219565243,2.737391472,1,0,0.159999996,111115,0.833948669,0.003003361,298.1591057,295.6614937,287.8905014,1.5077731,3.181404159,31.57555069,12.98180832,23.76029968,2.952120979,0.225548175,1.873418136,1.078702843,0.142595536,25.54349868,0.670302359,61.17784378,370.2161637,0.027815751
04/23/2013,wp_peak,7,3,400,27,13:49:19,2345.5,0,16.81600543,0.244394462,253.3359284,3.001702864,1.310272445,25.0187664,6,1.420000017,1,2.840000033,22.51087189,25.0187664,20.96090508,399.7277222,378.201355,15.05655861,18.58915901,55.42049408,68.42336273,500.351593,1799.294922,96.96528625,100.7557373,1.680732727,-0.053045616,0.666666687,-0.219565243,2.737391472,1,0,0.159999996,111115,0.833919322,0.003001703,298.1687664,295.6608719,287.8871811,1.507191113,3.183236867,31.59360402,13.00444501,23.76481915,2.95292398,0.225029672,1.872964422,1.079959558,0.142263952,25.52504825,0.669844053,61.12439436,370.2078314,0.027764625
04/23/2013,wp_peak,7,3,400,28,13:49:29,2355.5,0,16.92212483,0.245944363,253.1319887,3.013274778,1.307731105,24.99932861,6,1.420000017,1,2.840000033,22.50137901,24.99932861,20.9552784,399.6858521,378.0276489,15.03143597,18.57769012,55.36024475,68.42097473,500.352478,1799.205078,97.01665497,100.7562943,1.680732727,-0.053045616,0.666666687,-0.219565243,2.737391472,1,0,0.159999996,111115,0.833920797,0.003013275,298.1493286,295.651379,287.8728061,1.502392667,3.179550318,31.55684061,12.97915048,23.75035381,2.950354508,0.226343028,1.871819213,1.078535295,0.14310388,25.50464113,0.669612367,61.17527864,369.9836812,0.027980037
04/23/2013,wp_peak,7,3,400,29,13:49:32,2358,0,16.96359243,0.245580032,252.5875442,3.009581687,1.307917922,24.99514961,6,1.420000017,1,2.840000033,22.49817848,24.99514961,20.95384598,399.6375122,377.9309692,15.02600384,18.56805038,55.35077667,68.39849091,500.3377991,1799.131958,96.88827515,100.7558823,1.680732727,-0.053045616,0.666666687,-0.219565243,2.737391472,1,0,0.159999996,111115,0.833896332,0.003009582,298.1451496,295.6481785,287.8611068,1.504335284,3.178758221,31.54910809,12.98105771,23.74666405,2.949699409,0.22603442,1.870840298,1.07885911,0.142906506,25.44968087,0.66834307,61.15581644,369.8672898,0.028048502
04/23/2013,wp_peak,7,3,400,30,13:49:34,2360.5,0,16.90509527,0.245962203,253.2989911,3.007554945,1.305195584,24.97745514,6,1.420000017,1,2.840000033,22.49495888,24.97745514,20.95227242,399.6924744,378.0566711,15.02212143,18.56178474,55.34735107,68.38884735,500.3406982,1799.063599,96.93254089,100.7559738,1.680732727,-0.053045616,1,-0.219565243,2.737391472,1,0,0.159999996,111115,0.833901164,0.003007555,298.1274551,295.6449589,287.8501693,1.507269986,3.175406281,31.51581153,12.95402679,23.73620701,2.947843507,0.226358138,1.870210698,1.077632809,0.143113544,25.52138651,0.670002702,61.20134232,370.0207985,0.027960983
04/23/2013,wp_peak,7,4,400,31,13:53:18,2583.5,0,18.22044625,0.355945278,279.2974069,4.436036116,1.373264448,25.10939789,5.800000191,1.463913023,1,2.927826047,22.55999756,25.10939789,20.96165848,400.0097656,376.9494019,13.08513451,18.13432312,48.02246857,66.5530014,500.3265686,1799.661987,88.99066925,100.7598038,1.75037384,-0.044034347,1,-0.219565243,2.737391472,1,0,0.159999996,111115,0.862631986,0.004436036,298.2593979,295.7099976,287.9459115,0.733049913,3.200475287,31.76341326,13.62909014,23.83469772,2.965364067,0.317362494,1.827210839,1.138153228,0.201491158,28.14195191,0.740941372,60.76400487,368.5480822,0.030040783
04/23/2013,wp_peak,7,4,400,32,13:53:21,2586.5,0,18.23026931,0.355250899,279.0752946,4.429342733,1.373596009,25.10501671,5.800000191,1.463913023,1,2.927826047,22.56064224,25.10501671,20.96093178,400.0043335,376.9354858,13.08109379,18.12274361,48.00576019,66.50790405,500.3245544,1799.515869,89.08538818,100.7598038,1.75037384,-0.044034347,1,-0.219565243,2.737391472,1,0,0.159999996,111115,0.862628514,0.004429343,298.2550167,295.7106422,287.9225326,0.736850681,3.199640099,31.75512436,13.63238075,23.83282948,2.965030878,0.316810374,1.82604409,1.138986789,0.201135082,28.11957192,0.740379468,60.73638499,368.5296369,0.03004482
04/23/2013,wp_peak,7,4,400,33,13:53:26,2591.5,0,18.32727586,0.35525245,278.596408,4.432188453,1.374476606,25.10795212,5.800000191,1.463913023,1,2.927826047,22.55924988,25.10795212,20.95741653,400.1217346,376.9378967,13.07430744,18.11949158,47.98508835,66.50183105,500.296936,1799.748657,89.20396423,100.76017,1.75037384,-0.044034347,1,-0.219565243,2.737391472,1,0,0.159999996,111115,0.862580896,0.004432188,298.2579521,295.7092499,287.9597787,0.735263496,3.200199657,31.76056231,13.64107074,23.833601,2.96516847,0.316811608,1.825723051,1.139445419,0.201135878,28.07142143,0.739104267,60.71805775,368.4873187,0.030199047
04/23/2013,wp_peak,7,4,400,34,13:53:29,2594.5,0,18.18238945,0.353963016,279.0720149,4.41999113,1.375169341,25.10179329,5.800000191,1.463913023,1,2.927826047,22.55644035,25.10179329,20.95586014,400.0111084,377.0013123,13.06979084,18.10095215,47.97673416,66.44517517,500.3201599,1799.831299,89.20411682,100.7602463,1.75037384,-0.044034347,1,-0.219565243,2.737391472,1,0,0.159999996,111115,0.862620937,0.004419991,298.2517933,295.7064404,287.9730014,0.742079014,3.199025738,31.74888764,13.64793549,23.82911682,2.96436885,0.315785725,1.823856396,1.140512453,0.200474313,28.11936495,0.740241495,60.66899928,368.6175403,0.029925526
04/23/2013,wp_peak,7,4,400,35,13:53:32,2597,0,18.19052491,0.353997252,279.0533406,4.421475425,1.375516225,25.10397148,5.800000191,1.463913023,1,2.927826047,22.55689621,25.10397148,20.95490456,400.0363464,377.0170288,13.06882954,18.1015377,47.97211838,66.44582367,500.3340454,1799.786011,89.20619202,100.7607574,1.75037384,-0.044034347,1,-0.219565243,2.737391472,1,0,0.159999996,111115,0.862644878,0.004421475,298.2539715,295.7068962,287.9657553,0.741009391,3.199440875,31.7528466,13.6513089,23.83043385,2.964603682,0.315812974,1.82392465,1.140679032,0.200491884,28.11762596,0.740161105,60.66450141,368.6295057,0.029935724
04/23/2013,wp_peak,7,5,400,36,13:57:03,2808.5,0,19.5319678,0.357098018,271.6250703,3.787398176,1.174085131,24.11232948,6,1.420000017,1,2.840000033,22.45383072,24.11232948,20.95250702,399.7623291,374.6351624,13.81274128,18.2721138,51.02257156,67.49494171,500.2759094,1800.155029,73.09540558,100.7632751,1.536811829,-0.091583595,0.666666687,-0.219565243,2.737391472,1,0,0.159999996,111115,0.833793182,0.003787398,297.2623295,295.6038307,288.0247982,1.214417532,3.015243161,29.92402893,11.65191513,23.2830801,2.868397565,0.317212161,1.84115803,1.027239535,0.201492784,27.36983169,0.725038911,64.55675638,365.3506003,0.034512616
04/23/2013,wp_peak,7,5,400,37,13:57:09,2815,0,19.66822316,0.354197493,270.2531204,3.75072735,1.171216698,24.08676147,6,1.420000017,1,2.840000033,22.4456501,24.08676147,20.95283127,399.9039917,374.6338806,13.83906174,18.25463867,51.14536285,67.46411896,500.3548889,1800.126343,71.88903809,100.7635651,1.536811829,-0.091583595,1,-0.219565243,2.737391472,1,0,0.159999996,111115,0.833924815,0.003750727,297.2367615,295.5956501,288.0202084,1.235940274,3.01061917,29.87805332,11.62341465,23.26620579,2.86547555,0.314921317,1.839402472,1.026073079,0.200014071,27.23166788,0.721379283,64.55804134,365.2845493,0.034760352
04/23/2013,wp_peak,7,5,400,38,13:57:16,2821.5,0,19.75105706,0.351167308,268.9244945,3.72336285,1.171593228,24.08474922,6,1.420000017,1,2.840000033,22.43995285,24.08474922,20.95541191,399.8346558,374.4780273,13.86394691,18.24737167,51.25485992,67.46032715,500.3514099,1799.85791,70.71334076,100.7631302,1.536811829,-0.091583595,1,-0.219565243,2.737391472,1,0,0.159999996,111115,0.833919017,0.003723363,297.2347492,295.5899529,287.9772592,1.249266706,3.010255516,29.87457327,11.6272016,23.26235104,2.864808413,0.312523619,1.838662288,1.026146126,0.198466759,27.09767385,0.718131572,64.50889078,365.0893208,0.034898824
04/23/2013,wp_peak,7,5,400,39,13:57:18,2824.5,0,19.51384131,0.351830068,270.4931041,3.71507164,1.167054468,24.06008911,6,1.420000017,1,2.840000033,22.43738747,24.06008911,20.95656204,399.7488403,374.6767273,13.87401199,18.2481575,51.30023193,67.47397614,500.2958984,1799.72876,70.37260437,100.7634659,1.536811829,-0.091583595,1,-0.219565243,2.737391472,1,0,0.159999996,111115,0.833826497,0.003715072,297.2100891,295.5873875,287.9565951,1.256371782,3.005802063,29.83027665,11.58211915,23.24873829,2.86245356,0.313048431,1.838747596,1.023705964,0.198805405,27.25582267,0.721937298,64.6021439,365.4007817,0.03450009
04/23/2013,wp_peak,7,5,400,40,13:57:22,2828,0,19.6662294,0.351999125,269.7490732,3.708565215,1.16452099,24.04905319,6,1.420000017,1,2.840000033,22.43268394,24.04905319,20.95479965,399.8866272,374.6357727,13.88724041,18.25354385,51.36382294,67.51318359,500.3139343,1799.61145,70.24034882,100.763443,1.536811829,-0.091583595,1,-0.219565243,2.737391472,1,0,0.159999996,111115,0.833856557,0.003708565,297.1990532,295.5826839,287.9378256,1.260431666,3.003810916,29.81052281,11.55697896,23.24086857,2.861092959,0.313182265,1.839289926,1.021803033,0.198891767,27.18084536,0.720030208,64.65770534,365.2873891,0.034810215
04/23/2013,wp_peak,4,2,400,41,14:06:53,3399,0,9.746164346,0.143087093,265.7125894,2.139774401,1.545231766,24.9475193,6,1.420000017,1,2.840000033,22.67872047,24.9475193,20.9557476,400.2298584,387.5481262,13.59627438,16.12086105,49.54541016,58.74511719,500.3463135,1799.932495,1119.958252,100.7707138,1.394752502,-0.009271011,1,-0.219565243,2.737391472,1,0,0.159999996,111115,0.833910522,0.002139774,298.0975193,295.8287205,287.9891928,1.990704532,3.169742442,31.45499642,15.33413536,23.81311989,2.961517806,0.136223762,1.624510676,1.337007131,0.085730977,26.7760473,0.685624756,52.45795199,382.9152665,0.013351879
04/23/2013,wp_peak,4,2,400,42,14:06:59,3405,0,9.896060767,0.142877457,263.5748755,2.142185558,1.549104298,24.96434593,6,1.420000017,1,2.840000033,22.68029785,24.96434593,20.95372009,400.175415,387.3121948,13.58642578,16.11411476,49.50447464,58.7145462,500.2987671,1799.588135,1119.744629,100.7700806,1.394752502,-0.009271011,1,-0.219565243,2.737391472,1,0,0.159999996,111115,0.833831278,0.002142186,298.1143459,295.8302979,287.9340951,1.986679045,3.172924941,31.48677587,15.37266111,23.82232189,2.963157534,0.13603374,1.623820643,1.339336892,0.08561056,26.56046144,0.680523048,52.38265426,382.6080815,0.01354864
04/23/2013,wp_peak,4,2,400,43,14:07:06,3412.5,0,9.664195461,0.1378877,262.4532179,2.133430752,1.59558208,25.19823647,6,1.420000017,1,2.840000033,22.68786621,25.19823647,20.95905113,400.2166138,387.636261,13.57766056,16.09475708,49.44982147,58.6170845,500.3607178,1799.573486,1119.398682,100.7700653,1.394752502,-0.009271011,1,-0.219565243,2.737391472,1,0,0.159999996,111115,0.83393453,0.002133431,298.3482365,295.8378662,287.9317514,1.95992753,3.217451802,31.92864659,15.83388951,23.94305134,2.984744272,0.131502967,1.621869722,1.36287455,0.082740087,26.44742791,0.677060545,51.54121577,383.0423653,0.013003898
04/23/2013,wp_peak,4,2,400,44,14:07:12,3418,0,9.754805207,0.137415916,260.8202271,2.144842845,1.609247379,25.27374649,6,1.420000017,1,2.840000033,22.69753647,25.27374649,20.96044159,400.2314148,387.5370789,13.57232666,16.10292244,49.4015007,58.6125412,500.3496704,1799.304688,1118.222046,100.7702637,1.394752502,-0.009271011,0.666666687,-0.219565243,2.737391472,1,0,0.159999996,111115,0.833916117,0.002144843,298.4237465,295.8475365,287.8887436,1.944296865,3.23194312,32.07238923,15.96946679,23.98564148,2.992392242,0.131073794,1.62269574,1.369696501,0.082468254,26.28292306,0.673020058,51.33383491,382.9001116,0.013077864
04/23/2013,wp_peak,4,2,400,45,14:07:19,3424.5,0,9.755473752,0.138972758,261.9880259,2.173304457,1.613115201,25.30702019,6,1.420000017,1,2.840000033,22.70744133,25.30702019,20.96577072,400.1836548,387.4749146,13.56376553,16.127985,49.3409996,58.66887665,500.3284912,1798.806152,1117.390747,100.7709045,1.394752502,-0.009271011,1,-0.219565243,2.737391472,1,0,0.159999996,111115,0.833880819,0.002173304,298.4570202,295.8574413,287.8089779,1.925195838,3.238346838,32.13573256,16.00774756,24.00723076,2.996275598,0.132489507,1.625231637,1.371043961,0.083364997,26.40077035,0.676141903,51.33657286,382.8376295,0.013081593
04/23/2013,wp_peak,4,7,400,46,14:13:41,3807.5,0,15.27334735,0.228944376,258.1964381,3.31821731,1.538888947,25.52051353,6,1.420000017,1,2.840000033,22.23017311,25.52051353,20.07630539,400.0446167,380.2167358,13.36533356,17.27562332,50.04793549,64.69043732,500.3557129,1800.567627,656.9049072,100.766861,1.290077209,-0.034070358,1,-0.219565243,2.737391472,1,0,0.159999996,111115,0.833926188,0.003318217,298.6705135,295.3801731,288.0908139,1.238340971,3.27969928,32.5473995,15.27177618,23.87534332,2.972621033,0.211865042,1.740810333,1.231810699,0.133851043,26.01764458,0.679076994,55.46939969,372.956518,0.022715876
04/23/2013,wp_peak,4,7,400,47,14:13:47,3813.5,0,15.18153839,0.228298991,258.7241423,3.320689835,1.544031881,25.54855919,6,1.420000017,1,2.840000033,22.20898628,25.54855919,20.05154991,400.1140442,380.3940735,13.36543179,17.27869225,50.11332321,64.78598022,500.3468628,1800.646484,674.6328735,100.7676849,1.290077209,-0.034070358,1,-0.219565243,2.737391472,1,0,0.159999996,111115,0.833911438,0.00332069,298.6985592,295.3589863,288.1034311,1.230554658,3.285165697,32.60138108,15.32268883,23.87877274,2.973234038,0.211312241,1.741133816,1.232100222,0.133498021,26.07103286,0.680147669,55.38423718,373.1774972,0.022531314
04/23/2013,wp_peak,4,7,400,48,14:13:53,3819.5,0,15.27119258,0.228033066,257.7720101,3.313828345,1.542520546,25.53702736,6,1.420000017,1,2.840000033,22.18344879,25.53702736,20.02117157,400.0412598,380.2165222,13.36603928,17.27145767,50.19335556,64.85933685,500.3193054,1800.820557,709.3982544,100.7672043,1.290077209,-0.034070358,1,-0.219565243,2.737391472,1,0,0.159999996,111115,0.833865509,0.003313828,298.6870274,295.3334488,288.1312826,1.232697343,3.28291705,32.57922131,15.30776364,23.86023808,2.969922293,0.211084396,1.740396504,1.22952579,0.133352525,25.9749648,0.677961096,55.39418467,372.9573286,0.022681824
04/23/2013,wp_peak,4,7,400,49,14:14:00,3826,0,15.25894767,0.228079467,258.0097411,3.309717034,1.540351901,25.52369308,6,1.420000017,1,2.840000033,22.16135979,25.52369308,19.99552917,400.14328,380.3337097,13.36629391,17.26706696,50.26225662,64.93061829,500.2958984,1800.777954,698.6612549,100.7679367,1.290077209,-0.034070358,1,-0.219565243,2.737391472,1,0,0.159999996,111115,0.833826497,0.003309717,298.6736931,295.3113598,288.1244662,1.233695635,3.280318611,32.55319815,15.2861312,23.84252644,2.966760619,0.211124156,1.73996671,1.226793909,0.133377914,25.99910926,0.678377263,55.42298191,373.0803368,0.022667943
04/23/2013,wp_peak,4,7,400,50,14:14:07,3833.5,0,15.37831027,0.227006691,256.4666818,3.296539528,1.540923363,25.52056885,6,1.420000017,1,2.840000033,22.13118935,25.52056885,19.97034454,400.1242676,380.1776428,13.37019539,17.25558662,50.36874771,65.00595093,500.2825623,1800.945557,711.9796143,100.7665939,1.290077209,-0.034070358,1,-0.219565243,2.737391472,1,0,0.159999996,111115,0.83380427,0.00329654,298.6705688,295.2811893,288.1512826,1.237359518,3.279710054,32.54759267,15.29200604,23.8258791,2.963791615,0.210204629,1.73878669,1.225004924,0.132790755,25.84327398,0.674596959,55.38295974,372.8675306,0.022841794
04/23/2013,wp_peak,3,1,400,51,14:19:41,4167.5,0,11.86354209,0.328308103,313.8685693,3.665456787,1.225160576,24.11593246,6,1.420000017,1,2.840000033,21.86825943,24.11593246,19.97027397,400.1781311,384.2608337,13.45303535,17.77093697,51.50056839,68.03025055,500.2872009,1800.898438,963.2751465,100.767601,1.288703918,-0.043233261,1,-0.219565243,2.737391472,1,0,0.159999996,111115,0.833812002,0.003665457,297.2659325,295.0182594,288.1437436,1.202043031,3.015895261,29.92921565,12.15827869,22.99209595,2.81837305,0.294287987,1.790734686,1.027638365,0.186711193,31.62778277,0.816811243,62.69636388,378.621474,0.019644975
04/23/2013,wp_peak,3,1,400,52,14:19:48,4174,0,11.82163172,0.328072649,314.1264822,3.653491409,1.221994639,24.09137917,6,1.420000017,1,2.840000033,21.86398697,24.09137917,19.97068596,400.1837769,384.3208313,13.45392609,17.75810432,51.51792908,67.99953461,500.2505188,1801.08252,965.3519287,100.7685928,1.288703918,-0.043233261,1,-0.219565243,2.737391472,1,0,0.159999996,111115,0.833750865,0.003653491,297.2413792,295.013987,288.1731967,1.211427125,3.011453823,29.88484545,12.12674113,22.97768307,2.815915225,0.294098787,1.789459184,1.026456041,0.186589341,31.65408358,0.817354816,62.73620762,378.7013938,0.019583882
04/23/2013,wp_peak,3,1,400,53,14:19:55,4181,0,11.82198211,0.329904852,314.3789289,3.66416874,1.219449963,24.08288765,6,1.420000017,1,2.840000033,21.8580761,24.08288765,19.9722538,400.1096497,384.2419739,13.4517374,17.7683773,51.5274086,68.06246948,500.2588806,1800.996216,967.3018799,100.7671738,1.288703918,-0.043233261,1,-0.219565243,2.737391472,1,0,0.159999996,111115,0.833764801,0.003664169,297.2328876,295.0080761,288.1593881,1.206055972,3.009919127,29.87003619,12.10165888,22.97048187,2.814687909,0.295570317,1.790469163,1.024218746,0.187537124,31.67907616,0.818179559,62.81643602,378.6223698,0.0196136
04/23/2013,wp_peak,3,1,400,54,14:20:01,4187,0,11.89006521,0.329693756,313.990815,3.657014373,1.217787079,24.06940269,6,1.420000017,1,2.840000033,21.8557663,24.06940269,19.97206116,400.18573,384.2406616,13.45272064,17.76070595,51.53844833,68.04268646,500.2890625,1801.016968,967.6487427,100.7671814,1.288703918,-0.043233261,1,-0.219565243,2.737391472,1,0,0.159999996,111115,0.833815104,0.003657014,297.2194027,295.0057663,288.1627084,1.211366789,3.007483357,29.84586167,12.08515573,22.9625845,2.81334248,0.295400862,1.789696278,1.023646202,0.187427975,31.63996941,0.817172273,62.83519804,378.5886941,0.019734203
04/23/2013,wp_peak,3,1,400,55,14:20:05,4191.5,0,11.88405211,0.33008135,314.0485186,3.654680022,1.21575545,24.056036,6,1.420000017,1,2.840000033,21.85578918,24.056036,19.9727478,400.1242065,384.1869812,13.45136166,17.75679779,51.53353882,68.02809906,500.2677307,1800.993774,968.2579346,100.7678986,1.288703918,-0.043233261,1,-0.219565243,2.737391472,1,0,0.159999996,111115,0.833779551,0.00365468,297.206036,295.0057892,288.1589975,1.21436274,3.005070649,29.82170604,12.06490825,22.95591259,2.812206265,0.295711981,1.789315198,1.022891067,0.187628375,31.64600926,0.817436649,62.87248459,378.537872,0.019738577
04/23/2013,wp_peak,3,6,400,56,14:24:59,4484.5,0,15.56893987,0.277105834,274.8932464,3.501562841,1.36385289,24.64029121,6,1.420000017,1,2.840000033,22.43490982,24.64029121,20.94765091,399.7307129,379.4656982,13.22306156,17.34955597,48.90259933,64.16353607,500.3005371,1799.450439,99.87160492,100.7674484,1.210853577,-0.052092895,1,-0.219565243,2.737391472,1,0,0.159999996,111115,0.833834229,0.003501563,297.7902912,295.5849098,287.9120639,1.288102113,3.112123376,30.88421336,13.53465739,23.53760052,2.912788417,0.252471559,1.748270486,1.16451793,0.159837309,27.70029103,0.724421859,59.08526797,372.0649699,0.024724042
04/23/2013,wp_peak,3,6,400,57,14:25:05,4491,0,15.47583279,0.266604508,271.8644582,3.499589261,1.411674445,24.88947487,6,1.420000017,1,2.840000033,22.43309784,24.88947487,20.94574928,399.7479858,379.5975952,13.21437931,17.33806038,48.87584305,64.12804413,500.3655396,1799.261353,99.83413696,100.767395,1.210853577,-0.052092895,1,-0.219565243,2.737391472,1,0,0.159999996,111115,0.833942566,0.003499589,298.0394749,295.5830978,287.88181,1.254458535,3.158785624,31.34729863,14.00923825,23.66128635,2.934576523,0.243724878,1.747111179,1.187465344,0.154230704,27.39507325,0.716191203,58.12551634,372.2411255,0.02416554
04/23/2013,wp_peak,3,6,400,58,14:25:11,4497,0,15.63716353,0.265919899,270.3252689,3.52475412,1.425029603,24.973629,6,1.420000017,1,2.840000033,22.43360329,24.973629,20.94479942,399.7549438,379.3970032,13.20944214,17.36338043,48.85578918,64.21934509,500.2798157,1799.216309,100.117569,100.7667999,1.210853577,-0.052092895,1,-0.219565243,2.737391472,1,0,0.159999996,111115,0.833799693,0.003524754,298.123629,295.5836033,287.8746029,1.229769093,3.174681885,31.50523672,14.14185629,23.70361614,2.94206587,0.243152605,1.749652282,1.192413588,0.153864054,27.23981229,0.712512926,57.92779798,371.9638445,0.02435254
04/23/2013,wp_peak,3,6,400,59,14:25:17,4503,0,15.57453077,0.267977159,271.5453051,3.557644865,1.42816901,25.00527,6,1.420000017,1,2.840000033,22.42931366,25.00527,20.9456768,399.8197632,379.5220642,13.19923306,17.39168358,48.83086014,64.34092712,500.2951965,1799.344238,102.5574799,100.7669983,1.210853577,-0.052092895,1,-0.219565243,2.737391472,1,0,0.159999996,111115,0.833825328,0.003557645,298.15527,295.5793137,287.8950717,1.20792853,3.180676759,31.56466713,14.17298356,23.71729183,2.944489059,0.244871533,1.752507749,1.191981309,0.154965422,27.36280529,0.715492802,57.94054881,372.1186782,0.024250244
04/23/2013,wp_peak,3,6,400,60,14:25:23,4509,0,15.5868023,0.269255961,271.7856724,3.571965836,1.427688395,25.00842667,6,1.420000017,1,2.840000033,22.42816925,25.00842667,20.94830132,399.7154236,379.3980713,13.19326305,17.40232658,48.81235886,64.38502502,500.3210754,1799.281738,104.3831787,100.7673874,1.210853577,-0.052092895,1,-0.219565243,2.737391472,1,0,0.159999996,111115,0.833868459,0.003571966,298.1584267,295.5781693,287.8850717,1.199744863,3.181275379,31.57048587,14.16815928,23.71829796,2.944667403,0.24593888,1.753586984,1.191080418,0.1556494,27.38713214,0.716360185,57.97954949,371.988852,0.024294163
04/23/2013,wp_peak,2,4,400,61,14:32:30,4936,0,9.643704898,0.082547246,188.7074023,1.222840104,1.499032827,25.0452404,6,1.420000017,1,2.840000033,22.148489,25.0452404,20.95027924,399.4110718,387.277771,15.32095814,16.76288414,57.66008759,63.08674622,500.3065796,1800.094727,187.5540619,100.7721024,1.081550598,-0.015428886,1,-0.219565243,2.737391472,1,0,0.159999996,111115,0.833844299,0.00122284,298.1952404,295.298489,288.0151498,2.386667647,3.188263904,31.63835852,14.87547438,23.5968647,2.923210489,0.080215702,1.689231076,1.233979413,0.050339201,19.01644166,0.487266289,53.17765684,382.6936156,0.013400527
04/23/2013,wp_peak,2,4,400,62,14:32:33,4939,0,9.728125505,0.082334746,186.4146391,1.21863443,1.497644353,25.03629684,6,1.420000017,1,2.840000033,22.14871407,25.03629684,20.95024681,399.344635,387.1123657,15.32278442,16.75974655,57.66636276,63.0742836,500.3098145,1800.454712,199.1688232,100.772438,1.081550598,-0.015428886,1,-0.219565243,2.737391472,1,0,0.159999996,111115,0.833849691,0.001218634,298.1862968,295.2987141,288.0727475,2.390816346,3.186564874,31.62139306,14.86164651,23.59250546,2.922442772,0.080015022,1.688920521,1.233522251,0.050212753,18.78545767,0.481551755,53.1931628,382.4880808,0.013529043
04/23/2013,wp_peak,2,4,400,63,14:32:36,4942,0,9.635411446,0.082785275,189.4755641,1.223928306,1.496203344,25.03230286,6,1.420000017,1,2.840000033,22.14573288,25.03230286,20.951828,399.4646912,387.3408508,15.32324505,16.76643562,57.67885971,63.11123276,500.3112183,1800.193481,191.2033081,100.7729416,1.081550598,-0.015428886,1,-0.219565243,2.737391472,1,0,0.159999996,111115,0.83385203,0.001223928,298.1823029,295.2957329,288.0309506,2.387717185,3.185806381,31.61370831,14.84727269,23.58901787,2.921828692,0.080440456,1.689603038,1.232225654,0.050480822,19.09400996,0.489170104,53.23429991,382.7606377,0.013400918
04/23/2013,wp_peak,2,4,400,64,14:32:39,4945.5,0,9.461404509,0.082728905,192.9195431,1.221868366,1.494677577,25.02386284,6,1.420000017,1,2.840000033,22.14175797,25.02386284,20.952425,399.4136047,387.4989319,15.32498646,16.76577759,57.69903564,63.12365723,500.3013,1799.660034,175.6890717,100.7723312,1.081550598,-0.015428886,1,-0.219565243,2.737391472,1,0,0.159999996,111115,0.8338355,0.001221868,298.1738628,295.291758,287.945599,2.388429447,3.184204069,31.59799947,14.83222188,23.5828104,2.920735985,0.080387233,1.689526493,1.231209493,0.050447286,19.4409521,0.497858258,53.25797135,383.0014333,0.013156484
04/23/2013,wp_peak,2,4,400,65,14:32:42,4948.5,0,9.47805062,0.082929834,192.9990713,1.225057177,1.495025622,25.02881432,6,1.420000017,1,2.840000033,22.14164352,25.02881432,20.95369911,399.4016418,387.4665527,15.32736969,16.77179337,57.70792389,63.14621353,500.3424377,1799.261963,162.205719,100.7714767,1.081550598,-0.015428886,0.666666687,-0.219565243,2.737391472,1,0,0.159999996,111115,0.833904063,0.001225057,298.1788143,295.2916435,287.8819076,2.385307714,3.185144007,31.60759482,14.83580146,23.58522892,2.921161677,0.080576936,1.690118385,1.231043292,0.050566821,19.44880143,0.498105114,53.2637231,382.9611414,0.013182441
04/23/2013,wp_peak,2,8,400,66,14:36:56,5201.5,0,9.563772731,0.178019104,289.1492366,2.367952881,1.389135476,25.07840538,6,1.420000017,1,2.840000033,22.16661644,25.07840538,20.95684624,399.8731384,387.3047485,15.12714672,17.91585541,56.86840057,67.35216522,500.3453369,1799.862427,104.8981323,100.7730713,0.845283508,-0.051868781,1,-0.219565243,2.737391472,1,0,0.159999996,111115,0.833908895,0.002367953,298.2284054,295.3166164,287.9779818,1.785804982,3.19457125,31.70064392,13.78478852,23.62251091,2.927730677,0.167518574,1.805435774,1.122294903,0.10559446,29.13845663,0.746567755,58.03972163,382.758589,0.014502058
04/23/2013,wp_peak,2,8,400,67,14:36:57,5203.5,0,9.526085419,0.178299926,289.6430865,2.37064997,1.388663905,25.07598305,6,1.420000017,1,2.840000033,22.16575241,25.07598305,20.9575882,399.8345947,387.3097229,15.12393093,17.91590691,56.85947418,67.35610199,500.32901,1799.845703,105.6845703,100.7733688,0.845283508,-0.051868781,1,-0.219565243,2.737391472,1,0,0.159999996,111115,0.833881683,0.00237065,298.225983,295.3157524,287.9753061,1.78458459,3.1941102,31.6959752,13.7800683,23.62086773,2.927440881,0.167767221,1.805446295,1.121994586,0.105752536,29.18830959,0.747833244,58.05191378,382.7814781,0.014447081
04/23/2013,wp_peak,2,8,400,68,14:36:59,5205,0,9.577383643,0.178392378,289.1355268,2.371066851,1.388227427,25.0724926,6,1.420000017,1,2.840000033,22.164814,25.0724926,20.95681572,399.8205261,387.2337646,15.12120819,17.91376877,56.85210037,67.35145569,500.313324,1799.787842,106.3281097,100.7726822,0.845283508,-0.051868781,1,-0.219565243,2.737391472,1,0,0.159999996,111115,0.83385554,0.002371067,298.2224926,295.314814,287.9660483,1.784614833,3.193445954,31.68959965,13.77583088,23.6186533,2.927050376,0.16784907,1.805218527,1.121831849,0.105804572,29.13696256,0.746669204,58.05784391,382.6811352,0.014530171
04/23/2013,wp_peak,2,8,400,69,14:37:01,5207,0,9.619196559,0.178102845,288.5464403,2.369834596,1.389624252,25.07644463,6,1.420000017,1,2.840000033,22.1640625,25.07644463,20.95471382,399.8167725,387.1806641,15.11630058,17.90741158,56.83612061,67.33048248,500.3162537,1799.795044,106.9059982,100.7724533,0.845283508,-0.051868781,1,-0.219565243,2.737391472,1,0,0.159999996,111115,0.833860423,0.002369835,298.2264446,295.3140625,287.9672006,1.784628741,3.194198049,31.69713492,13.78972335,23.62025356,2.927332571,0.167592725,1.804573797,1.122758774,0.105641601,29.07753268,0.74525013,58.02147543,382.6081587,0.014587247
04/23/2013,wp_peak,2,8,400,70,14:37:03,5209,0,9.574230999,0.177612981,288.7910181,2.365567275,1.390734361,25.07800293,6,1.420000017,1,2.840000033,22.16323662,25.07800293,20.95498466,399.8265076,387.24646,15.11319637,17.89922905,56.82765961,67.3035202,500.329834,1799.882813,110.5228577,100.7730713,0.845283508,-0.051868781,1,-0.219565243,2.737391472,1,0,0.159999996,111115,0.833883057,0.002365567,298.2280029,295.3132366,287.9812436,1.786700995,3.194494646,31.69988376,13.80065471,23.62061977,2.927397153,0.1671589,1.803760285,1.123636868,0.105365807,29.10235786,0.745755089,57.98513897,382.6953291,0.01450666
04/23/2013,wp_peak,1,4,400,71,14:43:17,5582.5,0,19.70000392,0.420068043,283.5168603,4.749472165,1.275707291,24.71518707,6,1.420000017,1,2.840000033,23.61097336,24.71518707,23.11724281,400.5232239,374.763855,12.76943684,18.36056709,43.98622513,63.24570465,500.3212891,1798.907959,732.2070923,100.7799683,1.118019104,-0.105960235,1,-0.219565243,2.737391472,1,0,0.159999996,111115,0.833868815,0.004749472,297.8651871,296.7609734,287.825267,0.780649635,3.12608466,31.01890896,12.65834186,24.16308022,3.024439862,0.36594121,1.850377369,1.174062494,0.233029559,28.57282018,0.756521357,63.54986135,365.3994166,0.034262028
04/23/2013,wp_peak,1,4,400,72,14:43:18,5583,0,19.71736137,0.420050601,283.4335957,4.749521052,1.275764087,24.71570969,6,1.420000017,1,2.840000033,23.61217308,24.71570969,23.11696625,400.5384521,374.7575989,12.76966095,18.36099434,43.98376846,63.24253082,500.3080444,1798.861694,722.6395874,100.7798462,1.118019104,-0.105960235,1,-0.219565243,2.737391472,1,0,0.159999996,111115,0.833846741,0.004749521,297.8657097,296.7621731,287.8178647,0.780625395,3.126182272,31.0199151,12.65892076,24.16394138,3.024596129,0.365927973,1.850418185,1.174177943,0.23302097,28.56439418,0.756311804,63.54915492,365.3849096,0.034293197
04/23/2013,wp_peak,1,4,400,73,14:43:19,5585,0,19.72602949,0.41940304,283.325033,4.7501446,1.277639362,24.7270565,6,1.420000017,1,2.840000033,23.61684418,24.7270565,23.11731911,400.6012878,374.8117676,12.77177334,18.36332512,43.97889709,63.23310089,500.3529968,1798.657471,679.4776001,100.7803802,1.118019104,-0.105960235,1,-0.219565243,2.737391472,1,0,0.159999996,111115,0.833921661,0.004750145,297.8770565,296.7668442,287.7851889,0.778992136,3.12830225,31.04078633,12.67746121,24.17195034,3.026049761,0.365436438,1.850662888,1.175386873,0.232702064,28.55360456,0.755912854,63.51263159,365.4349579,0.034283859
04/23/2013,wp_peak,1,4,400,74,14:43:21,5586.5,0,19.67874757,0.418705174,283.4439331,4.748452529,1.2790373,24.73449516,6,1.420000017,1,2.840000033,23.62047195,24.73449516,23.11751938,400.592804,374.8618774,12.77389717,18.36314964,43.97684097,63.21902084,500.3806152,1798.606812,669.208313,100.7809372,1.118019104,-0.105960235,1,-0.219565243,2.737391472,1,0,0.159999996,111115,0.833967692,0.004748453,297.8844952,296.770472,287.7770834,0.779252666,3.12969273,31.05441185,12.69126221,24.17748356,3.027054402,0.364906499,1.850655431,1.176398971,0.23235826,28.56574522,0.756128991,63.48086645,365.5075433,0.034177788
04/23/2013,wp_peak,1,4,400,75,14:43:23,5589,0,19.64063428,0.419712445,283.7731293,4.747563801,1.276142688,24.71975899,6,1.420000017,1,2.840000033,23.62541008,24.71975899,23.11584473,400.5192566,374.8344116,12.77627277,18.36450958,43.97202301,63.2050209,500.3771973,1798.536743,681.4859009,100.7811279,1.118019104,-0.105960235,1,-0.219565243,2.737391472,1,0,0.159999996,111115,0.833961995,0.004747564,297.869759,296.7754101,287.7658725,0.782248258,3.126938678,31.02702601,12.66251643,24.17258453,3.026164894,0.365671318,1.85079599,1.175368904,0.232854451,28.59897604,0.75706264,63.54317753,365.4981947,0.03414595
04/23/2013,wp_peak,1,8,400,1,13:28:16,514.5,0,11.02773878,0.142583359,249.8811828,1.777741543,1.282599498,26.40077782,6,1.420000017,1,2.840000033,23.17730141,26.40077782,22.09627151,399.6213684,385.5593872,19.47163773,21.5598526,68.84233856,76.2252655,499.7800903,1786.236328,1417.076416,100.766655,2.715705395,0.02907297,0.666666687,-0.219565243,2.737391472,1,0,0.159999996,111115,0.832966817,0.001777742,299.5507778,296.3273014,285.7978061,2.017973715,3.455113726,34.28826457,12.72841197,24.78903961,3.13990503,0.135767116,2.172514228,0.967390802,0.085441603,25.17969093,0.648100373,63.63745482,380.3173283,0.018452413
04/23/2013,wp_peak,1,8,400,2,13:28:26,525,0,11.40334944,0.142668999,245.1430337,1.800306053,1.297916771,26.51923752,6,1.420000017,1,2.840000033,23.18379402,26.51923752,22.09794235,399.6892395,385.1665649,19.5336628,21.64821625,69.03450012,76.50760651,499.774353,1799.919556,1416.25415,100.7666092,2.715705395,0.02907297,0.666666687,-0.219565243,2.737391472,1,0,0.159999996,111115,0.832957255,0.001800306,299.6692375,296.333794,287.9871225,2.016394128,3.479334118,34.52864144,12.88042519,24.85151577,3.15163815,0.135844761,2.181417346,0.970220803,0.085490806,24.70223227,0.636459797,63.45421997,379.7459588,0.019054598
04/23/2013,wp_peak,1,8,400,3,13:28:37,535.5,0,11.27416481,0.14368369,247.4071865,1.820842079,1.303739759,26.58974266,6,1.420000017,1,2.840000033,23.19590378,26.58974266,22.10546303,399.457489,385.0800171,19.59563255,21.73420525,69.20278168,76.75524139,499.7541199,1800.415649,1414.067505,100.7665176,2.715705395,0.02907297,1,-0.219565243,2.737391472,1,0,0.159999996,111115,0.832923533,0.001820842,299.7397427,296.3459038,288.0664975,1.998368133,3.493819935,34.67242906,12.93822382,24.89282322,3.159416778,0.13676439,2.190080176,0.969336602,0.086073588,24.93036062,0.642482537,63.45057583,379.7208191,0.0188389
04/23/2013,wp_peak,1,8,400,4,13:28:47,545.5,0,11.32818513,0.144668007,247.593151,1.832835612,1.303730358,26.62653351,6,1.420000017,1,2.840000033,23.20700455,26.62653351,22.10699654,399.4831543,385.0369568,19.6572113,21.80946922,69.37385559,76.96956635,499.8088074,1800.061401,1390.851074,100.7667542,2.715705395,0.02907297,1,-0.219565243,2.737391472,1,0,0.159999996,111115,0.833014679,0.001832836,299.7765335,296.3570045,288.0098178,1.987768974,3.501399781,34.74756938,12.93810016,24.91676903,3.163933705,0.137655893,2.197669423,0.966264281,0.086638598,24.94915817,0.643037367,63.53916715,379.6520801,0.018959028
04/23/2013,wp_peak,1,8,400,5,13:28:57,556,0,11.4139379,0.144873749,246.8443535,1.839086755,1.306296022,26.67392731,6,1.420000017,1,2.840000033,23.2090683,26.67392731,22.10094643,399.658783,385.1051331,19.72145462,21.88111305,69.59191895,77.21279907,499.7583313,1799.917847,1410.532227,100.766777,2.715705395,0.02907297,1,-0.219565243,2.737391472,1,0,0.159999996,111115,0.832930552,0.001839087,299.8239273,296.3590683,287.986849,1.977878453,3.511185262,34.84467168,12.96355862,24.9414978,3.168604245,0.137842161,2.20488924,0.963715005,0.086756656,24.87370993,0.640979131,63.56857654,379.6794936,0.019110007
04/23/2013,wp_peak,1,7,400,6,13:38:02,1100.5,0,16.21158408,0.177378794,219.2037559,2.328169268,1.367063313,26.24157333,6,1.420000017,1,2.840000033,23.09426117,26.24157333,22.09544754,400.4102478,379.883606,17.66180611,20.40013885,62.76032639,72.49085999,499.7218018,1800.490112,713.1587524,100.7704544,2.779517651,0.080790728,0.666666687,-0.219565243,2.737391472,1,0,0.159999996,111115,0.83286967,0.002328169,299.3915733,296.2442612,288.0784115,1.769083829,3.422794575,33.96625127,13.56611242,24.66791725,3.11726677,0.166951454,2.055731262,1.061535507,0.105233932,22.08926209,0.577028733,61.3574982,372.1773953,0.026726562
04/23/2013,wp_peak,1,7,400,7,13:38:12,1110.5,0,15.6136254,0.177696894,225.8487858,2.327923712,1.364621373,26.23457146,6,1.420000017,1,2.840000033,23.09406471,26.23457146,22.09781647,400.4751892,380.6643677,17.6722641,20.41028786,62.7983551,72.52791595,499.7203064,1800.768433,1053.000732,100.7706451,2.779517651,0.080790728,0.666666687,-0.219565243,2.737391472,1,0,0.159999996,111115,0.832867177,0.002327924,299.3845715,296.2440647,288.1229428,1.770687148,3.421379248,33.95214194,13.54185409,24.66431808,3.116596259,0.167233224,2.056757875,1.059838384,0.105413056,22.75892785,0.59330162,61.41471359,373.2423979,0.025691249
04/23/2013,wp_peak,1,7,400,8,13:38:22,1121,0,15.48174412,0.178105023,227.5302889,2.325289417,1.360159419,26.2178154,6,1.420000017,1,2.840000033,23.09250069,26.2178154,22.09772301,400.4248352,380.7729187,17.68594742,20.42089081,62.85318375,72.57276154,499.7116089,1800.808594,838.6618652,100.7710648,2.779517651,0.080790728,1,-0.219565243,2.737391472,1,0,0.159999996,111115,0.832852681,0.002325289,299.3678154,296.2425007,288.1293686,1.774262029,3.417994329,33.91841038,13.49751957,24.65515804,3.114890348,0.167594654,2.05783491,1.057055438,0.105642827,22.92846948,0.597548507,61.50845382,373.413639,0.025501429
04/23/2013,wp_peak,1,7,400,9,13:38:33,1131.5,0,15.4756441,0.178165071,227.6545584,2.324858515,1.359458717,26.22186279,6,1.420000017,1,2.840000033,23.0936203,26.22186279,22.10199928,400.434967,380.7907715,17.70161247,20.43597221,62.90454483,72.62137604,499.7179565,1800.608643,491.7832336,100.7709808,2.779517651,0.080790728,1,-0.219565243,2.737391472,1,0,0.159999996,111115,0.832863261,0.002324859,299.3718628,296.2436203,288.0973764,1.773693456,3.418811681,33.92654962,13.49057741,24.65774155,3.115371402,0.167647823,2.059352964,1.056018437,0.105676629,22.94097314,0.597846837,61.53778701,373.4343915,0.025502121
04/23/2013,wp_peak,1,2,400,10,13:44:35,1493.5,0,10.88728321,0.088626465,177.9963912,1.229171546,1.400948747,26.69707108,6,1.420000017,1,2.840000033,22.52342606,26.69707108,20.9207859,399.8703613,386.2272339,19.54350853,20.98847771,71.89199066,77.20738983,499.6811523,1800.793335,806.086853,100.7707062,2.655799389,0.112971514,1,-0.219565243,2.737391472,1,0,0.159999996,111115,0.832801921,0.001229172,299.8470711,295.6734261,288.1269272,2.203626608,3.515972467,34.89081897,13.90234126,24.61024857,3.106538481,0.085944439,2.11502372,0.991514761,0.053949967,17.93682203,0.460859244,60.24992891,381.0519409,0.0172144
04/23/2013,wp_peak,1,2,400,11,13:44:43,1501.5,0,10.88719791,0.09136367,183.8751146,1.26364388,1.398388617,26.69373322,6,1.420000017,1,2.840000033,22.51846504,26.69373322,20.92024612,399.9298706,386.2706299,19.52152443,21.0070076,71.83283234,77.29892731,499.6752014,1800.894531,805.3995972,100.7708054,2.655799389,0.112971514,1,-0.219565243,2.737391472,1,0,0.159999996,111115,0.832792002,0.001263644,299.8437332,295.668465,288.1431186,2.185664645,3.515281691,34.88392971,13.87692211,24.60609913,3.105767794,0.088516081,2.116893074,0.98887472,0.05557153,18.52924338,0.476026652,60.35159162,381.0953774,0.017241346
04/23/2013,wp_peak,1,2,400,12,13:44:52,1511,0,10.88723824,0.0933942,188.0206199,1.284923607,1.39201429,26.66527748,6,1.420000017,1,2.840000033,22.50859642,26.66527748,20.9192524,399.9568481,386.2883911,19.50160789,21.0120182,71.80207825,77.36319733,499.7018738,1801.007935,804.3156738,100.7701035,2.655799389,0.112971514,1,-0.219565243,2.737391472,1,0,0.159999996,111115,0.832836456,0.001284924,299.8152775,295.6585964,288.1612631,2.177479647,3.509397538,34.82578084,13.81376263,24.58693695,3.102210916,0.09042069,2.117383248,0.984827667,0.056772766,18.94685732,0.486736398,60.4945932,381.1131195,0.017281458
04/23/2013,wp_peak,1,2,400,13,13:45:03,1521,0,10.85712272,0.094650214,191.0143892,1.300874175,1.39121325,26.66257095,6,1.420000017,1,2.840000033,22.49701118,26.66257095,20.91810036,399.9535217,386.3133545,19.48487854,21.01408386,71.79213715,77.42650604,499.6860046,1801.203369,802.8779297,100.7717056,2.655799389,0.112971514,1,-0.219565243,2.737391472,1,0,0.159999996,111115,0.832810008,0.001300874,299.812571,295.6470112,288.1925326,2.168389317,3.508838323,34.81967782,13.80559395,24.57979107,3.100885411,0.091597495,2.117625073,0.983260338,0.057515093,19.2488458,0.494454533,60.52801728,381.1523983,0.0172414
04/23/2013,wp_peak,1,2,400,14,13:45:14,1532.5,0,10.76220209,0.095134944,193.630995,1.303117316,1.386789767,26.63617706,6,1.420000017,1,2.840000033,22.48611832,26.63617706,20.92151451,399.8887329,386.3615417,19.47200775,21.00385284,71.79238892,77.44023132,499.6902771,1801.298584,800.8979492,100.7719498,2.655799389,0.112971514,1,-0.219565243,2.737391472,1,0,0.159999996,111115,0.832817128,0.001303117,299.7861771,295.6361183,288.207767,2.169667622,3.503388971,34.76551738,13.76166453,24.56114769,3.09742954,0.092051386,2.116599204,0.980830336,0.05780143,19.5125729,0.501165292,60.60013333,381.2457063,0.017106839
04/23/2013,wp_peak,1,2,400,15,13:45:14,1533,0,10.80021103,0.095283416,193.2505659,1.304836107,1.38652818,26.63514519,6,1.420000017,1,2.840000033,22.48540688,26.63514519,20.92117119,399.9240112,386.3499451,19.47039413,21.00431061,71.7896347,77.44536591,499.6734619,1801.355225,800.7614136,100.7720718,2.655799389,0.112971514,1,-0.219565243,2.737391472,1,0,0.159999996,111115,0.832789103,0.001304836,299.7851452,295.6354069,288.2168295,2.168929807,3.503176077,34.76336264,13.75905203,24.56027603,3.097268046,0.092190383,2.116647897,0.980620148,0.057889119,19.47425991,0.50019566,60.60719835,381.216042,0.017170593
04/23/2013,wp_peak,2,6,400,16,13:49:14,1772,0,17.85316711,0.269761042,257.2948354,2.572789037,1.022641225,25.94408989,6,1.420000017,1,2.840000033,22.30616379,25.94408989,20.92792702,399.6325989,377.0307922,20.20698738,23.22449875,75.32486725,86.57313538,499.6907043,1799.878052,137.1760559,100.7759094,2.867927074,0.191981524,1,-0.219565243,2.737391472,1,0,0.159999996,111115,0.832817841,0.002572789,299.0940899,295.4561638,287.9804818,1.577599354,3.363111207,33.37217423,10.14767548,24.12512684,3.017559902,0.246360203,2.340469982,0.67708992,0.155919413,25.92912103,0.682423931,71.42143333,368.5442516,0.034598255
04/23/2013,wp_peak,2,6,400,17,13:49:26,1784,0,17.89558403,0.274831097,258.9562595,2.605134337,1.018050412,25.93354225,6,1.420000017,1,2.840000033,22.30737877,25.93354225,20.9356575,399.6627808,376.9949036,20.19376564,23.24921799,75.27002716,86.65888977,499.6773071,1799.767822,138.2251434,100.7759247,2.867927074,0.191981524,1,-0.219565243,2.737391472,1,0,0.159999996,111115,0.832795512,0.002605134,299.0835423,295.4573788,287.9628451,1.562134554,3.361011853,33.35133727,10.10211929,24.12046051,3.016714963,0.250581907,2.342961441,0.673753523,0.15862562,26.0965565,0.686895916,71.57823789,368.4882,0.034761883
04/23/2013,wp_peak,2,6,400,18,13:49:35,1794,0,17.87866536,0.276875692,259.7576512,2.614453211,1.014814659,25.92406845,6,1.420000017,1,2.840000033,22.30932808,25.92406845,20.93469048,399.5619507,376.9098206,20.19622803,23.26265144,75.27017975,86.69856262,499.6636963,1799.848877,137.8761597,100.7758102,2.867927074,0.191981524,1,-0.219565243,2.737391472,1,0,0.159999996,111115,0.832772827,0.002614453,299.0740685,295.4593281,287.9758139,1.558994264,3.359127207,33.33267377,10.07002233,24.11669827,3.016033879,0.252280503,2.344312548,0.671721331,0.159714789,26.17728777,0.68917719,71.67134909,368.4111593,0.034781467
04/23/2013,wp_peak,2,6,400,19,13:49:45,1803,0,18.00342896,0.277291478,259.1120411,2.621821985,1.016272388,25.93512535,6,1.420000017,1,2.840000033,22.30417442,25.93512535,20.92798805,399.6952515,376.8913879,20.19508362,23.26994324,75.28974915,86.75320435,499.693512,1799.825806,138.4863434,100.7761154,2.867927074,0.191981524,1,-0.219565243,2.737391472,1,0,0.159999996,111115,0.83282252,0.002621822,299.0851254,295.4541744,287.9721225,1.552896166,3.361326873,33.35440009,10.08445685,24.11964989,3.016568204,0.252625654,2.345054485,0.671513718,0.159936129,26.11230496,0.687497909,71.65257965,368.33342,0.035022402
04/23/2013,wp_peak,2,6,400,20,13:49:55,1813.5,0,17.93415279,0.278134566,259.8428209,2.62408724,1.014345599,25.92925262,6,1.420000017,1,2.840000033,22.30234337,25.92925262,20.92848587,399.5927124,376.8710632,20.19993019,23.27742386,75.31635284,86.7909317,499.6933594,1799.795654,137.3307343,100.7763062,2.867927074,0.191981524,1,-0.219565243,2.737391472,1,0,0.159999996,111115,0.832822266,0.002624087,299.0792526,295.4523434,287.9672983,1.55222985,3.360158393,33.34274217,10.06531831,24.115798,3.015870922,0.253325234,2.345812793,0.670058129,0.160384782,26.18599967,0.689474057,71.70419914,368.3460259,0.034911577
04/23/2013,wp_peak,2,3,400,21,14:09:03,2961.5,0,19.18242843,0.277274968,249.0075361,3.192748016,1.240093804,25.59572029,6,1.420000017,1,2.840000033,22.23509789,25.59572029,20.92745781,399.6104126,375.1827698,16.63275337,20.38155746,62.27952957,76.31652069,500.587616,1799.490234,98.48290253,100.7912216,2.635779858,0.11749956,1,-0.219565243,2.737391472,1,0,0.159999996,111115,0.834312693,0.003192748,298.7457203,295.3850979,287.9184311,1.292094933,3.294375879,32.68514684,12.30358938,23.91540909,2.979789667,0.25261195,2.054282075,0.925507591,0.159927341,25.09777376,0.66369662,64.77073846,366.064362,0.033941027
04/23/2013,wp_peak,2,3,400,22,14:09:13,2971.5,0,19.27624539,0.275290557,247.5550456,3.175396603,1.241459039,25.59904671,6,1.420000017,1,2.840000033,22.22296143,25.59904671,20.92571831,399.6420288,375.1108398,16.64606094,20.37439346,62.3756485,76.34635925,500.6044617,1799.415649,98.24485779,100.7915802,2.635779858,0.11749956,1,-0.219565243,2.737391472,1,0,0.159999996,111115,0.834340769,0.003175397,298.7490467,295.3729614,287.9064975,1.298957883,3.295026352,32.6914842,12.31709074,23.91100407,2.979000774,0.250963808,2.053567313,0.925433461,0.158870486,24.95146423,0.659951724,64.71647039,365.947836,0.0340893
04/23/2013,wp_peak,2,3,400,23,14:09:23,2981,0,19.20269156,0.274069854,247.5543102,3.157484073,1.239493969,25.58675003,6,1.420000017,1,2.840000033,22.22172546,25.58675003,20.92990494,399.5708923,375.1347961,16.66244125,20.36991501,62.44210815,76.33578491,500.5834045,1799.11792,98.12940979,100.7921906,2.635779858,0.11749956,1,-0.219565243,2.737391472,1,0,0.159999996,111115,0.834305674,0.003157484,298.73675,295.3717255,287.8588608,1.309276763,3.292622324,32.66743491,12.2975199,23.90423775,2.977789353,0.249948917,2.053128355,0.924660998,0.158219785,24.95154121,0.659907619,64.73329661,366.0067562,0.033962584
04/23/2013,wp_peak,2,3,400,24,14:09:32,2990.5,0,19.20084037,0.273169665,247.2611307,3.144254602,1.238010606,25.57775688,6,1.420000017,1,2.840000033,22.21880341,25.57775688,20.93363953,399.6168823,375.1897278,16.67559433,20.3673954,62.50191498,76.33917999,500.6035156,1799.068359,98.08110809,100.791214,2.635779858,0.11749956,1,-0.219565243,2.737391472,1,0,0.159999996,111115,0.834339193,0.003144255,298.7277569,295.3688034,287.8509311,1.316944239,3.290865114,32.65031726,12.28292186,23.89828014,2.976723079,0.24919999,2.052854508,0.923868571,0.157739652,24.92174954,0.659029585,64.74685811,366.0625679,0.033961246
04/23/2013,wp_peak,2,3,400,25,14:09:42,3000.5,0,19.35112821,0.271969148,245.777775,3.130682825,1.237637103,25.57624817,6,1.420000017,1,2.840000033,22.21870804,25.57624817,20.93091393,399.7430115,375.1426086,16.69232178,20.3680954,62.56521988,76.34254456,500.6157227,1798.815918,98.17371368,100.7916183,2.635779858,0.11749956,1,-0.219565243,2.737391472,1,0,0.159999996,111115,0.834359538,0.003130683,298.7262482,295.368708,287.8105404,1.323746538,3.2905704,32.64726229,12.27916689,23.8974781,2.976579558,0.248200527,2.052933298,0.92364626,0.157098958,24.77233969,0.65515825,64.74078321,365.9440091,0.034234942
04/23/2013,wp_peak,3,5,400,26,14:13:23,3221,0,12.43452887,0.152852167,239.973476,2.195915515,1.486066776,26.00798988,6,1.420000017,1,2.840000033,22.34215736,26.00798988,20.94124222,399.5428772,383.6292419,16.16687012,18.74952698,60.14196777,69.74964142,500.5875549,1798.694458,110.5624237,100.7911987,2.63977766,0.124198169,1,-0.219565243,2.737391472,1,0,0.159999996,111115,0.834312592,0.002195916,299.1579899,295.4921574,287.7911068,1.767864736,3.375854076,33.4935403,14.74401332,24.17507362,3.026616805,0.145045639,1.8897873,1.136829505,0.091323994,24.18721431,0.625534891,57.10734087,377.7184624,0.018799793
04/23/2013,wp_peak,3,5,400,27,14:13:34,3232,0,12.57774041,0.153038313,238.4894326,2.208743551,1.493010505,26.03107834,6,1.420000017,1,2.840000033,22.34741402,26.03107834,20.93119431,399.6598206,383.5696106,16.12868309,18.72635651,59.98093033,69.64141083,500.6130066,1798.825806,111.4970779,100.7915344,2.63977766,0.124198169,1,-0.219565243,2.737391472,1,0,0.159999996,111115,0.834355011,0.002208744,299.1810783,295.497414,287.8121225,1.758904571,3.380468711,33.5392127,14.81285619,24.18924618,3.029191054,0.145213246,1.887458206,1.141732847,0.091430305,24.03771586,0.621763106,56.96792767,377.5907552,0.018976307
04/23/2013,wp_peak,3,5,400,28,14:13:43,3241,0,12.54948819,0.152719073,238.5180671,2.217569228,1.501895455,26.06659889,6,1.420000017,1,2.840000033,22.3514595,26.06659889,20.93586349,399.6711426,383.609436,16.10061455,18.70890808,59.86129761,69.55879974,500.5757751,1798.296143,111.4205017,100.7906723,2.63977766,0.124198169,1,-0.219565243,2.737391472,1,0,0.159999996,111115,0.834292959,0.002217569,299.2165989,295.5014595,287.7273764,1.748894381,3.387578879,33.61004348,14.9011354,24.2090292,3.032787567,0.144925787,1.885683424,1.147104143,0.091247975,24.04039634,0.621773201,56.79690772,377.6440104,0.018874181
04/23/2013,wp_peak,3,5,400,29,14:13:50,3248.5,0,12.45105263,0.152452046,239.3259381,2.222655814,1.507821365,26.08682251,6,1.420000017,1,2.840000033,22.3664875,26.08682251,20.94182396,399.5529175,383.6068726,16.07606506,18.69038963,59.71524429,69.42626953,500.5759888,1799.869995,111.5173569,100.7903824,2.63977766,0.124198169,1,-0.219565243,2.737391472,1,0,0.159999996,111115,0.834293315,0.002222656,299.2368225,295.5164875,287.9791928,1.748386104,3.391632883,33.65036229,14.95997266,24.22665501,3.035995048,0.144685296,1.883811518,1.15218353,0.09109544,24.12175281,0.623883343,56.67393823,377.6882385,0.018683404
04/23/2013,wp_peak,3,5,400,30,14:13:59,3257,0,12.55128249,0.152824348,238.5201179,2.236928986,1.513976004,26.10920525,6,1.420000017,1,2.840000033,22.37770462,26.10920525,20.94328308,399.6730347,383.6014709,16.04289818,18.67386436,59.5514946,69.31768036,500.6123352,1799.636719,110.982048,100.7905273,2.63977766,0.124198169,1,-0.219565243,2.737391472,1,0,0.159999996,111115,0.834353892,0.002236929,299.2592052,295.5277046,287.9418686,1.738863447,3.396124641,33.69487918,15.02101481,24.24345493,3.039054997,0.145020588,1.882148637,1.15690636,0.091308105,24.04056847,0.621791458,56.55940722,377.6351924,0.018798383
04/23/2013,wp_peak,2,7,400,31,14:17:14,3451.5,0,16.32531788,0.291317587,273.2522002,3.800331162,1.410711713,26.2014122,6,1.420000017,1,2.840000033,22.3786087,26.2014122,20.93160248,399.4761047,378.1864929,15.41864586,19.88303185,57.229702,73.80024719,500.5977173,1799.339233,781.9667358,100.7880402,2.858710766,0.106314868,1,-0.219565243,2.737391472,1,0,0.159999996,111115,0.834329529,0.003800331,299.3514122,295.5286087,287.8942709,0.910128243,3.414683525,33.87984844,13.99681659,24.29001045,3.047548743,0.264215278,2.003971812,1.043576931,0.167372923,27.54055373,0.722532944,61.49534109,370.4262187,0.02710205
04/23/2013,wp_peak,2,7,400,32,14:17:24,3461.5,0,16.43642488,0.293117104,272.9742952,3.816351053,1.408773752,26.19054985,6,1.420000017,1,2.840000033,22.3854599,26.19054985,20.93520927,399.4314575,378.0022278,15.39749432,19.88071632,57.12683105,73.7602005,500.5970154,1798.710938,779.3833008,100.787056,2.858710766,0.106314868,1,-0.219565243,2.737391472,1,0,0.159999996,111115,0.834328359,0.003816351,299.3405499,295.5354599,287.7937436,0.902983061,3.412492621,33.85844133,13.97772501,24.28800488,3.047182411,0.26569469,2.003718869,1.043463542,0.168322863,27.51227557,0.722149964,61.54611756,370.1891386,0.027326521
04/23/2013,wp_peak,2,7,400,33,14:17:33,3471,0,16.55673957,0.293573861,272.2429451,3.826355257,1.410486041,26.19535828,6,1.420000017,1,2.840000033,22.38850594,26.19535828,20.93478584,399.421814,377.8437195,15.37798405,19.87317085,57.04438019,73.71920013,500.5772095,1800.026611,776.9641113,100.7879562,2.858710766,0.106314868,0.666666687,-0.219565243,2.737391472,1,0,0.159999996,111115,0.834295349,0.003826355,299.3453583,295.5385059,288.0042514,0.899992089,3.413462315,33.86776002,13.99458917,24.29193211,3.047899781,0.266069926,2.002976274,1.044923507,0.168563829,27.43881004,0.720517323,61.51589146,369.9734384,0.027529073
04/23/2013,wp_peak,2,7,400,34,14:17:43,3481,0,16.65548001,0.2927914,271.1976096,3.832148691,1.416015248,26.21615219,6,1.420000017,1,2.840000033,22.39371109,26.21615219,20.93293762,399.3392029,377.6418457,15.35815239,19.86004257,56.95251083,73.6468277,500.5953369,1800.435181,772.9034424,100.7874603,2.858710766,0.106314868,0.666666687,-0.219565243,2.737391472,1,0,0.159999996,111115,0.834325562,0.003832149,299.3661522,295.5437111,288.0696225,0.895559582,3.417658501,33.90956067,14.0495181,24.30493164,3.050275403,0.265427049,2.001643253,1.04863215,0.168150999,27.33331831,0.718134425,61.40226038,369.7246282,0.027660698
04/23/2013,wp_peak,2,7,400,35,14:17:53,3491,0,16.89155256,0.292514048,269.5232412,3.832749445,1.417470908,26.21464539,6,1.420000017,1,2.840000033,22.39536858,26.21464539,20.93231201,399.4250793,377.4451904,15.33984184,19.84256172,56.87893295,73.57466125,500.5904846,1800.06665,772.9883423,100.7875595,2.858710766,0.106314868,0.666666687,-0.219565243,2.737391472,1,0,0.159999996,111115,0.834317474,0.003832749,299.3646454,295.5453686,288.0106576,0.894974794,3.417354278,33.90650885,14.06394713,24.30500698,3.050289175,0.265199097,1.99988337,1.050405805,0.168004624,27.16458971,0.714072528,61.35612884,369.4157553,0.028055118
04/23/2013,wp_peak,4,6,400,36,14:22:59,3797.5,0,18.65254453,0.364784616,277.1462025,4.234347009,1.285527695,25.57426071,6,1.420000017,1,2.840000033,22.2643795,25.57426071,20.91871262,398.937439,374.6756287,14.91469193,19.88970757,55.74549484,74.34022522,500.5162659,1801.300171,67.5684433,100.7885361,2.884833813,0.094746798,1,-0.219565243,2.737391472,1,0,0.159999996,111115,0.834193776,0.004234347,298.7242607,295.4143795,288.2080209,0.758565276,3.290182204,32.64440909,12.75470153,23.91932011,2.980490242,0.323263007,2.004654508,0.975835733,0.205400208,27.93316003,0.73969637,64.44168939,365.8091023,0.032858709
04/23/2013,wp_peak,4,6,400,37,14:23:18,3816.5,0,18.64593944,0.362430059,276.6290818,4.218726831,1.288214389,25.5560894,6,1.420000017,1,2.840000033,22.25455093,25.5560894,20.9242363,398.9121399,374.666626,14.87128162,19.82798767,55.61613083,74.15338898,500.543457,1800.790771,68.09770203,100.7878571,2.884833813,0.094746798,1,-0.219565243,2.737391472,1,0,0.159999996,111115,0.834239095,0.004218727,298.7060894,295.4045509,288.126517,0.766952189,3.286634776,32.60943205,12.78144438,23.90532017,2.977983118,0.321412599,1.998420387,0.97956273,0.204205021,27.88085236,0.738333929,64.30445964,365.8032394,0.03277765
04/23/2013,wp_peak,4,6,400,38,14:23:29,3827.5,0,18.53114322,0.361132884,276.9218211,4.210525296,1.289848569,25.54659081,6,1.420000017,1,2.840000033,22.25117493,25.54659081,20.92318916,398.8058777,374.703125,14.84636497,19.79327011,55.53469467,74.03921509,500.5778503,1800.637939,75.027771,100.7884598,2.884833813,0.094746798,1,-0.219565243,2.737391472,1,0,0.159999996,111115,0.834296417,0.004210525,298.6965908,295.4011749,288.1020639,0.771801844,3.284781777,32.59085201,12.7975819,23.89888287,2.976830938,0.320392008,1.994933208,0.981897729,0.203545914,27.91052382,0.739043265,64.22550347,365.894307,0.032527754
04/23/2013,wp_peak,4,6,400,39,14:23:42,3840.5,0,18.51948109,0.357683372,276.1863909,4.195645379,1.296294579,25.55711174,6,1.420000017,1,2.840000033,22.23711967,25.55711174,20.9131794,398.8103333,374.7289124,14.82032204,19.74979973,55.48438644,73.93938446,500.5944824,1800.883179,69.61494446,100.7878418,2.884833813,0.094746798,1,-0.219565243,2.737391472,1,0,0.159999996,111115,0.834324137,0.004195645,298.7071117,295.3871197,288.1413022,0.77674502,3.286834269,32.61141633,12.8616166,23.89711571,2.976514711,0.317673972,1.990539691,0.985975021,0.201790919,27.83623027,0.737029842,64.03083452,365.925638,0.032405978
04/23/2013,wp_peak,4,6,400,40,14:23:53,3852,0,18.55237498,0.356431073,275.7003208,4.180266676,1.295654963,25.53122902,6,1.420000017,1,2.840000033,22.22248459,25.53122902,20.90999603,398.8031921,374.6885376,14.79396534,19.70578194,55.43588257,73.84142303,500.5754395,1801.046875,71.86921692,100.789299,2.884833813,0.094746798,1,-0.219565243,2.737391472,1,0,0.159999996,111115,0.834292399,0.004180267,298.681229,295.3724846,288.1674936,0.786706023,3.281786911,32.56086652,12.85508458,23.8768568,2.972891553,0.316685774,1.986131948,0.986759605,0.201152976,27.78764207,0.735811996,63.9809316,365.8696271,0.032443202
04/23/2013,wp_peak,4,1,400,41,14:27:58,4096,0,9.604683893,0.134394954,258.9611831,2.188084484,1.674462842,26.24951172,6,1.420000017,1,2.840000033,22.22895241,26.24951172,20.93537521,399.2173157,386.6904297,14.78537655,17.3625946,55.38104248,65.03443146,500.5615234,1798.865601,1202.275146,100.7877579,2.518928051,0.097842425,1,-0.219565243,2.737391472,1,0,0.159999996,111115,0.834269206,0.002188084,299.3995117,295.3789524,287.8184897,1.723815854,3.424399823,33.97634688,16.61375228,24.23923206,3.038285587,0.128322457,1.749936981,1.288348606,0.080725866,26.10011702,0.669686041,52.08136454,382.124823,0.013090619
04/23/2013,wp_peak,4,1,400,42,14:28:10,4108,0,9.665567985,0.13344884,257.2902197,2.185146398,1.683456356,26.29058647,6,1.420000017,1,2.840000033,22.24074936,26.29058647,20.93010712,399.211792,386.6134644,14.78222084,17.3560009,55.32907486,64.96260071,500.5604858,1799.616333,740.9976807,100.7870331,2.518928051,0.097842425,1,-0.219565243,2.737391472,1,0,0.159999996,111115,0.834267476,0.002185146,299.4405865,295.3907494,287.9386068,1.722602089,3.432716193,34.05910551,16.70310461,24.26566792,3.043105023,0.127459636,1.749259837,1.293845187,0.080179553,25.93151788,0.665497308,51.92353833,382.0189162,0.01313732
04/23/2013,wp_peak,4,1,400,43,14:28:48,4146.5,0,9.706776176,0.126353293,250.1061301,2.121538853,1.721982149,26.42665863,6,1.420000017,1,2.840000033,22.25338936,26.42665863,20.92265129,399.2003174,386.5827026,14.74921894,17.24824333,55.16344833,64.51003265,500.5823975,1798.718018,639.4859619,100.7876892,2.518928051,0.097842425,1,-0.219565243,2.737391472,1,0,0.159999996,111115,0.834303996,0.002121539,299.5766586,295.4033894,287.7948764,1.736781054,3.460392737,34.3334862,17.08524287,24.34002399,3.056696497,0.120971212,1.738410588,1.318285909,0.076072809,25.20761891,0.646966686,51.09575918,381.9685661,0.01298471
04/23/2013,wp_peak,4,1,400,44,14:28:58,4156.5,0,9.729238222,0.123640262,247.1447144,2.089401102,1.731519988,26.45042992,6,1.420000017,1,2.840000033,22.25387764,26.45042992,20.91899872,399.259613,386.6293945,14.74043941,17.20181274,55.1288681,64.33434296,500.5643616,1799.776855,1340.525879,100.7874985,2.518928051,0.097842425,1,-0.219565243,2.737391472,1,0,0.159999996,111115,0.834273936,0.002089401,299.6004299,295.4038776,287.9642904,1.752292279,3.465247663,34.3817211,17.17990836,24.35215378,3.058918715,0.118482108,1.733727676,1.325191039,0.074498091,24.90909753,0.639228982,50.84878156,382.0045806,0.012950628
04/23/2013,wp_peak,4,1,400,45,14:29:08,4166.5,0,9.619920725,0.120083699,244.9900919,2.04260321,1.740781979,26.47578621,6,1.420000017,1,2.840000033,22.25447273,26.47578621,20.91870308,399.1922913,386.7142639,14.75485134,17.16125679,55.18111038,64.18073273,500.5514526,1799.564819,1083.306396,100.7881241,2.518928051,0.097842425,1,-0.219565243,2.737391472,1,0,0.159999996,111115,0.834252421,0.002042603,299.6257862,295.4044727,287.9303647,1.772834396,3.470432858,34.43295418,17.27169739,24.36512947,3.06129747,0.115212183,1.729650879,1.331646591,0.072429997,24.69209178,0.633517082,50.60014559,382.1414143,0.012737939
04/23/2013,wp_peak,4,8,400,46,14:34:07,4464.5,0,23.94906781,0.618656341,289.2113559,5.365134076,1.037327978,24.52303505,6,1.420000017,1,2.840000033,22.03400612,24.52303505,20.92949867,399.1886902,368.1135254,14.06920147,20.36939049,53.32975006,77.21081543,500.5420837,1801.833618,227.493927,100.790802,3.111732006,0.078164309,1,-0.219565243,2.737391472,1,0,0.159999996,111115,0.834236806,0.005365134,297.673035,295.1840061,288.2933725,0.281586827,3.090375182,30.66128179,10.2918913,23.27852058,2.867607766,0.507996123,2.053047204,0.814560563,0.325876792,29.1498445,0.785658054,71.71600155,356.7292855,0.048146633
04/23/2013,wp_peak,4,8,400,47,14:34:19,4477,0,23.78327616,0.618698677,289.9305137,5.376585283,1.039491504,24.52617455,6,1.420000017,1,2.840000033,22.04558182,24.52617455,20.93330765,399.22052,368.3387451,14.04013538,20.35363579,53.18215561,77.09685516,500.5608826,1798.998291,226.7536621,100.7910461,3.111732006,0.078164309,1,-0.219565243,2.737391472,1,0,0.159999996,111115,0.834268138,0.005376585,297.6761745,295.1955818,287.8397201,0.271319092,3.090955747,30.66696761,10.31333182,23.28587818,2.868882342,0.508024668,2.051464244,0.817418098,0.325895586,29.22239978,0.787130101,71.66282728,357.0333147,0.047737193
04/23/2013,wp_peak,4,8,400,48,14:34:28,4486,0,23.75356545,0.619288896,290.1421843,5.389275723,1.041137537,24.53265572,6,1.420000017,1,2.840000033,22.05210686,24.53265572,20.93135452,399.2617798,368.411499,14.02094078,20.34897232,53.08892059,77.0493927,500.5925903,1798.650757,209.7090912,100.7921677,3.111732006,0.078164309,1,-0.219565243,2.737391472,1,0,0.159999996,111115,0.834320984,0.005389276,297.6826557,295.2021069,287.7841147,0.264007217,3.092154567,30.67852036,10.32954804,23.29238129,2.870009305,0.508422546,2.05101703,0.818992275,0.326157565,29.24405969,0.787549208,71.63369939,357.1201916,0.047646585
04/23/2013,wp_peak,4,8,400,49,14:34:38,4495.5,0,23.65415462,0.619066127,290.477838,5.391868926,1.041950975,24.53046036,6,1.420000017,1,2.840000033,22.05538177,24.53046036,20.93125725,399.2079773,368.4718933,14.00508785,20.33694649,53.018116,76.98820496,500.5368958,1800.174927,207.1002502,100.7918015,3.111732006,0.078164309,1,-0.219565243,2.737391472,1,0,0.159999996,111115,0.83422816,0.005391869,297.6804604,295.2053818,288.0279818,0.266269477,3.091748447,30.67460252,10.33765604,23.29292107,2.870102864,0.508272389,2.049797473,0.820305391,0.326058695,29.27778457,0.788331059,71.60621168,357.2278411,0.047414681
04/23/2013,wp_peak,4,8,400,50,14:34:48,4506,0,23.66822001,0.617743383,290.3981756,5.397306493,1.044831189,24.53765678,6,1.420000017,1,2.840000033,22.05620193,24.53765678,20.92792511,399.3362427,368.5819397,13.98370075,20.32168198,52.93424225,76.92619324,500.5654602,1798.260986,120.6800613,100.7912979,3.111732006,0.078164309,1,-0.219565243,2.737391472,1,0,0.159999996,111115,0.834275767,0.005397306,297.6876568,295.2062019,287.7217514,0.258931996,3.093079891,30.68796568,10.3662837,23.29692936,2.870797698,0.507380397,2.048248702,0.822548996,0.325471396,29.26960903,0.787879558,71.52912078,357.3312014,0.04737809
04/23/2013,wp_peak,5,6,400,51,14:38:53,4751.5,0,19.40698975,0.371482647,275.0594024,4.02797637,1.205852674,24.29064941,6,1.420000017,1,2.840000033,21.81550026,24.29064941,20.9263382,399.3405762,374.2717896,13.53372765,18.27355194,51.98881149,70.19649506,500.5718384,1800.098999,119.2936859,100.7911758,3.422400951,0.086966723,0.666666687,-0.219565243,2.737391472,1,0,0.159999996,111115,0.834286397,0.004027976,297.4406494,294.9655003,288.0158334,0.98026371,3.047665461,30.23742342,11.96387148,23.05307484,2.828792547,0.328512041,1.841812787,0.98697976,0.208791822,27.7235606,0.734918875,64.14055191,365.0466361,0.034099069
04/23/2013,wp_peak,5,6,400,52,14:39:01,4759,0,19.4346696,0.372842511,275.2524305,4.029432814,1.202423851,24.26764107,6,1.420000017,1,2.840000033,21.814785,24.26764107,20.9287529,399.3767395,374.2756958,13.52468872,18.2659626,51.95616913,70.17015076,500.6036072,1800.925659,129.6509247,100.7908096,3.422400951,0.086966723,1,-0.219565243,2.737391472,1,0,0.159999996,111115,0.834339345,0.004029433,297.4176411,294.964785,288.148099,0.98410102,3.04346501,30.19585835,11.92989575,23.04121304,2.826763079,0.32957505,1.841041159,0.98572192,0.209478899,27.74291532,0.735426942,64.2092239,365.0373847,0.03418513
04/23/2013,wp_peak,5,6,400,53,14:39:09,4767.5,0,19.54865367,0.371437224,274.3859238,4.023921405,1.204798212,24.27713394,6,1.420000017,1,2.840000033,21.81318855,24.27713394,20.92850494,399.5116577,374.2750244,13.52435493,18.2594471,51.96037292,70.15252686,500.5748596,1801.362915,133.2511292,100.7916183,3.422400951,0.086966723,1,-0.219565243,2.737391472,1,0,0.159999996,111115,0.834291433,0.004023921,297.4271339,294.9631886,288.21806,0.986314637,3.045197435,30.21280425,11.95335715,23.04516125,2.827438448,0.328476518,1.840399223,0.987039225,0.208768864,27.65580131,0.733113101,64.14307627,364.9825307,0.034355364
04/23/2013,wp_peak,5,6,400,54,14:39:19,4777,0,19.50422629,0.370680857,274.441961,4.023035064,1.206689255,24.29012489,6,1.420000017,1,2.840000033,21.81755638,24.29012489,20.93313026,399.4838867,374.3005676,13.53014946,18.26421547,51.96878052,70.15214539,500.5706482,1801.16748,134.5524139,100.7916489,3.422400951,0.086966723,1,-0.219565243,2.737391472,1,0,0.159999996,111115,0.834284414,0.004023035,297.4401249,294.9675564,288.1867904,0.985215994,3.047569647,30.2363309,11.97211543,23.05384064,2.828923614,0.327884858,1.840880392,0.988043222,0.208386477,27.66145777,0.733212783,64.10577593,365.0291926,0.034252974
04/23/2013,wp_peak,5,6,400,55,14:39:28,4786,0,19.50659005,0.371449218,274.6730286,4.0269996,1.205667241,24.29068565,6,1.420000017,1,2.840000033,21.82691193,24.29068565,20.93727875,399.554657,374.3661804,13.53655529,18.27527618,51.96396637,70.15490723,500.5661011,1800.890381,135.1529083,100.7921753,3.422400951,0.086966723,1,-0.219565243,2.737391472,1,0,0.159999996,111115,0.834276835,0.004027,297.4406857,294.9769119,288.1424545,0.98376777,3.047672081,30.23718927,11.96191309,23.05879879,2.82977233,0.328485898,1.842004841,0.98776749,0.208774926,27.68489204,0.733701501,64.14574359,365.0936817,0.034272429
04/23/2013,wp_peak,6,8,400,56,14:43:39,5037.5,0,14.54301239,0.161055586,222.3707323,2.462643353,1.58943704,25.19822502,6,1.420000017,1,2.840000033,22.63770294,25.19822502,22.11402512,400.1663818,381.6101074,13.24828053,16.15211105,48.4081192,59.01847458,500.62146,1799.737061,105.8568268,100.7925568,3.281714916,0.088971347,1,-0.219565243,2.737391472,1,0,0.159999996,111115,0.8343691,0.002462643,298.348225,295.7877029,287.9579233,1.781659056,3.21744961,31.92150009,15.76938904,23.91796398,2.980247305,0.152412327,1.62801257,1.352234734,0.095998286,22.41331465,0.582717092,52.09923642,374.6970558,0.020221131
04/23/2013,wp_peak,6,8,400,57,14:43:47,5046,0,14.55446107,0.162161596,223.1214597,2.484282945,1.593019392,25.21949005,6,1.420000017,1,2.840000033,22.65314674,25.21949005,22.10702133,400.099884,381.5196533,13.22755623,16.15698433,48.28716278,58.98103333,500.6051025,1799.233521,102.8812408,100.7926636,3.281714916,0.088971347,1,-0.219565243,2.737391472,1,0,0.159999996,111115,0.834341838,0.002484283,298.3694901,295.8031467,287.8773568,1.768508302,3.221524878,31.96189846,15.80491413,23.9363184,2.983536795,0.153402446,1.628505486,1.355031309,0.096626802,22.48900622,0.584822978,52.06855948,374.6011596,0.020230312
04/23/2013,wp_peak,6,8,400,58,14:43:57,5056,0,14.49452913,0.162645225,224.2552449,2.498412645,1.597560484,25.23849487,6,1.420000017,1,2.840000033,22.66508293,25.23849487,22.10520554,400.1614075,381.6462402,13.20190525,16.14801025,48.15890503,58.90592957,500.6070557,1798.907837,97.87483215,100.7932434,3.281714916,0.088971347,1,-0.219565243,2.737391472,1,0,0.159999996,111115,0.834345093,0.002498413,298.3884949,295.8150829,287.8252475,1.759465821,3.225170812,31.99788699,15.84987674,23.9517889,2.986311893,0.15383517,1.627610328,1.358701565,0.09690151,22.60341349,0.587599775,51.99333338,374.7562353,0.020109576
04/23/2013,wp_peak,6,8,400,59,14:43:58,5056.5,0,14.51588285,0.162667983,224.0350501,2.499061913,1.597766272,25.23975372,6,1.420000017,1,2.840000033,22.66538048,25.23975372,22.10498047,400.1650391,381.6242981,13.20149326,16.14832306,48.15666199,58.90616608,500.6138306,1798.883301,97.70742798,100.7935104,3.281714916,0.088971347,1,-0.219565243,2.737391472,1,0,0.159999996,111115,0.834356384,0.002499062,298.3897537,295.8153805,287.8213217,1.75894583,3.22541244,32.00019948,15.85187642,23.9525671,2.986451546,0.15385553,1.627646169,1.358805377,0.096914435,22.58127916,0.587056566,51.99104561,374.7241426,0.02014004
04/23/2013,wp_peak,6,8,400,60,14:44:08,5066,0,14.53966382,0.162832646,223.9015524,2.504116404,1.599467799,25.24267578,6,1.420000017,1,2.840000033,22.67677498,25.24267578,22.1039505,400.1700439,381.5977478,13.1840868,16.13704109,48.05982208,58.82419586,500.5917053,1799.057373,95.34134674,100.7932968,3.281714916,0.088971347,1,-0.219565243,2.737391472,1,0,0.159999996,111115,0.834319509,0.002504116,298.3926758,295.826775,287.8491733,1.757737982,3.225973372,32.00583247,15.86879138,23.95972538,2.987736414,0.154002826,1.626505572,1.361230842,0.097007947,22.56777563,0.586747573,51.95104956,374.686288,0.020159553
04/23/2013,wp_peak,6,8,400,61,14:44:18,5077,0,14.53536742,0.162283797,223.4486344,2.51238334,1.609812253,25.28864098,6,1.420000017,1,2.840000033,22.68712425,25.28864098,22.10240746,400.198761,381.6291809,13.15963459,16.12215233,47.94031906,58.73271942,500.6305847,1800.13208,93.78556824,100.7927475,3.281714916,0.088971347,1,-0.219565243,2.737391472,1,0,0.159999996,111115,0.834384308,0.002512383,298.438641,295.8371243,288.0211264,1.750480624,3.234808282,32.09366112,15.97150879,23.98788261,2.992795159,0.153511798,1.624996029,1.367799131,0.096696221,22.52200178,0.585512444,51.76175701,374.7197634,0.020078369
04/23/2013,wp_peak,6,6,400,62,14:48:05,5303,0,16.19797963,0.267278729,267.005101,3.75623437,1.511164635,25.48982811,6,1.420000017,1,2.840000033,22.82330132,25.48982811,22.1056633,400.7629089,379.6402588,13.06301498,17.48620224,47.19914246,63.18095016,500.618927,1799.076294,292.8269958,100.797348,3.374610424,0.045376986,1,-0.219565243,2.737391472,1,0,0.159999996,111115,0.834364878,0.003756234,298.6398281,295.9733013,287.8522006,1.089266115,3.273727448,32.47830932,14.99210708,24.15656471,3.023257797,0.244288221,1.762562813,1.260694984,0.154591655,26.91340609,0.703310818,56.72920537,371.940515,0.024705523
04/23/2013,wp_peak,6,6,400,63,14:48:18,5317,0,16.24644078,0.269073768,267.3471298,3.786641277,1.513973875,25.54671097,6,1.420000017,1,2.840000033,22.84470749,25.54671097,22.11108398,400.8609009,379.6661377,13.10943699,17.56807518,47.30589294,63.39505386,500.6170654,1798.547729,286.747467,100.7982559,3.374610424,0.045376986,1,-0.219565243,2.737391472,1,0,0.159999996,111115,0.834361776,0.003786641,298.696711,295.9947075,287.7676303,1.067406531,3.284805213,32.58791715,15.01984197,24.19570923,3.030365613,0.245786867,1.770831338,1.259534275,0.155551982,26.94812441,0.704163746,56.81566847,371.9433578,0.024817015
04/23/2013,wp_peak,6,6,400,64,14:48:30,5329,0,16.25387795,0.271186217,267.9991157,3.811767137,1.513072724,25.57914734,6,1.420000017,1,2.840000033,22.8618145,25.57914734,22.10774422,400.829895,379.615509,13.1520195,17.63981056,47.41043091,63.58803558,500.6286926,1800.013306,281.1562805,100.7983627,3.374610424,0.045376986,1,-0.219565243,2.737391472,1,0,0.159999996,111115,0.834381154,0.003811767,298.7291473,296.0118145,288.0021225,1.054871318,3.291136748,32.65069649,15.01088593,24.22048092,3.034871172,0.2475483,1.778064024,1.256807149,0.156680891,27.01387207,0.705975149,56.95067974,371.8891939,0.024891
04/23/2013,wp_peak,6,6,400,65,14:48:39,5337,0,16.32422351,0.272740915,268.0569196,3.830516574,1.512530733,25.6016407,6,1.420000017,1,2.840000033,22.87201118,25.6016407,22.10902405,400.8787537,379.5704651,13.17890835,17.68881798,47.47800064,63.72528458,500.5988464,1799.531006,277.89505,100.7983093,3.374610424,0.045376986,1,-0.219565243,2.737391472,1,0,0.159999996,111115,0.834331411,0.003830517,298.7516407,296.0220112,287.9249545,1.042427801,3.295533679,32.69433487,15.00551689,24.23682594,3.037847267,0.248843132,1.783002946,1.254844321,0.157510885,27.0196843,0.706211216,57.0429404,371.810711,0.02504451
04/23/2013,wp_peak,6,6,400,66,14:48:52,5350.5,0,16.30961057,0.274290797,268.696923,3.857041419,1.515014305,25.6558342,6,1.420000017,1,2.840000033,22.89390182,25.6558342,22.10827065,400.8998718,379.5983276,13.22895241,17.7694149,47.59531403,63.93105316,500.6323547,1799.036377,272.2248535,100.7987061,3.374610424,0.045376986,1,-0.219565243,2.737391472,1,0,0.159999996,111115,0.834387258,0.003857041,298.8058342,296.0439018,287.8458139,1.023092339,3.306148334,32.79951166,15.03009676,24.27486801,3.044783831,0.250132668,1.791134029,1.253649801,0.158337592,27.08430216,0.707845381,57.12780809,371.8455199,0.025056973
05/20/2013,wp_peak,1,5,400,1,13:05:18,2065,0,18.71640543,0.325963768,269.2109752,3.093252308,1.043490895,24.65405846,6,1.420000017,1,2.840000033,26.05011749,24.65405846,28.02059174,399.3597107,375.4848328,16.82037544,20.45960045,50.31453323,61.20049286,499.551239,1800.709351,239.1900482,101.2333908,0.96458149,-1.052531242,1,-0.219565243,2.737391472,1,0,0.159999996,111115,0.832585398,0.003093252,297.8040585,299.2001175,288.1134897,1.987715396,3.114685623,30.76737426,10.30777381,25.35208797,3.247038073,0.292402936,2.071194728,1.175843345,0.185497255,27.25313987,0.716968974,69.15707329,366.58795,0.03530863
05/20/2013,wp_peak,1,5,400,2,13:05:19,2066,0,18.73885394,0.325738924,269.0240354,3.094736672,1.044627717,24.66071892,6,1.420000017,1,2.840000033,26.05374908,24.66071892,28.02054977,399.3904419,375.4868164,16.81954765,20.46068382,50.30109787,61.19039536,499.5280762,1800.723145,239.9653015,101.2330856,0.96458149,-1.052531242,1,-0.219565243,2.737391472,1,0,0.159999996,111115,0.832546794,0.003094737,297.8107189,299.2037491,288.1156967,1.986546007,3.115925875,30.77971846,10.31903464,25.357234,3.24803177,0.292221996,2.071298158,1.176733612,0.185380745,27.23413322,0.716467326,69.13335692,366.5792627,0.035339693
05/20/2013,wp_peak,1,5,400,3,13:05:20,2067,0,18.71141931,0.325600402,269.1438807,3.095781328,1.045375606,24.66567802,6,1.420000017,1,2.840000033,26.05747604,24.66567802,28.02074051,399.3738098,375.5028076,16.82004929,20.46237755,50.29161072,61.18209839,499.5322876,1800.758545,240.7387085,101.2332993,0.96458149,-1.052531242,1,-0.219565243,2.737391472,1,0,0.159999996,111115,0.832553813,0.003095781,297.815678,299.207476,288.1213607,1.985894575,3.116849596,30.78877818,10.32640064,25.36157703,3.248870615,0.292110509,2.07147399,1.177396625,0.185308958,27.24632302,0.716755974,69.11889096,366.608295,0.035277777
05/20/2013,wp_peak,1,5,400,4,13:05:21,2068,0,18.69378775,0.325401519,269.1805585,3.09560102,1.045886089,24.66882324,6,1.420000017,1,2.840000033,26.06183052,24.66882324,28.02101898,399.3538818,375.503479,16.82087708,20.4630909,50.28121567,61.16857529,499.5185242,1800.80249,241.5846405,101.2334595,0.96458149,-1.052531242,1,-0.219565243,2.737391472,1,0,0.159999996,111115,0.832530874,0.003095601,297.8188232,299.2118305,288.128392,1.986235093,3.117435572,30.79451782,10.33142693,25.36532688,3.24959504,0.291950424,2.071549483,1.178045557,0.18520588,27.25007916,0.716852369,69.10757526,366.6173476,0.035237895
05/20/2013,wp_peak,1,5,400,5,13:05:22,2069,0,18.69323057,0.32512821,269.095823,3.094999771,1.046461789,24.67185402,6,1.420000017,1,2.840000033,26.06511879,24.67185402,28.021101,399.3458557,375.4953003,16.82143593,20.46311378,50.27278519,61.15635681,499.4949951,1800.843262,242.2622223,101.232811,0.96458149,-1.052531242,1,-0.219565243,2.737391472,1,0,0.159999996,111115,0.832491659,0.003095,297.821854,299.2151188,288.1349154,1.986659492,3.118000318,30.80029378,10.33718,25.3684864,3.250205532,0.2917304,2.07153853,1.178667002,0.18506421,27.24132658,0.71664232,69.09340872,366.6094338,0.035230381
05/20/2013,wp_peak,1,2,400,11,13:08:32,2259.5,0,16.12181984,0.27355976,270.5050216,2.699388517,1.067371528,24.57336617,6,1.420000017,1,2.840000033,24.99331474,24.57336617,26.05998993,398.7102966,378.1182251,16.89858246,20.07606697,53.82131577,63.94147873,499.4885864,1799.230103,394.5111084,101.2311096,1.111157417,-0.895619392,1,-0.219565243,2.737391472,1,0,0.159999996,111115,0.832480977,0.002699389,297.7233662,298.1433147,287.87681,2.058079722,3.099694064,30.61997518,10.54390821,24.78334045,3.138836622,0.249524589,2.032322536,1.106514086,0.157947746,27.38352349,0.715397999,67.77385566,370.4546841,0.029494509
05/20/2013,wp_peak,1,2,400,12,13:08:33,2260,0,16.15291407,0.273709788,270.3454962,2.700556949,1.067300986,24.57354164,6,1.420000017,1,2.840000033,24.99335289,24.57354164,26.0597477,398.7317505,378.1018677,16.89819336,20.07704735,53.8200531,63.94457245,499.4890137,1799.225098,394.0352173,101.2313004,1.111157417,-0.895619392,1,-0.219565243,2.737391472,1,0,0.159999996,111115,0.832481689,0.002700557,297.7235416,298.1433529,287.8760092,2.057440439,3.099726596,30.62023886,10.54319151,24.78344727,3.138856643,0.249649406,2.03242561,1.106431033,0.158027765,27.36742613,0.715007037,67.77785572,370.4235459,0.029555623
05/20/2013,wp_peak,1,2,400,13,13:08:33,2260.5,0,16.17017976,0.27387994,270.2911513,2.701655349,1.067130037,24.57292557,6,1.420000017,1,2.840000033,24.99301338,24.57292557,26.05962372,398.7476501,378.0966187,16.89748001,20.07761383,53.81885529,63.94765472,499.4907837,1799.2229,393.4659424,101.2312698,1.111157417,-0.895619392,1,-0.219565243,2.737391472,1,0,0.159999996,111115,0.832484639,0.002701655,297.7229256,298.1430134,287.8756576,2.056900881,3.09961238,30.61911982,10.54150598,24.78296947,3.138767087,0.24979095,2.032482343,1.106284743,0.15811851,27.36191647,0.714873231,67.78359922,370.4100896,0.029590797
05/20/2013,wp_peak,1,2,400,14,13:08:33,2261,0,16.18611277,0.274114186,270.2723303,2.703238248,1.066918875,24.57275772,6,1.420000017,1,2.840000033,24.99321365,24.57275772,26.06012917,398.7665405,378.0964661,16.89758873,20.07945442,53.81839371,63.95255661,499.5104675,1799.208496,392.890625,101.230957,1.111157417,-0.895619392,1,-0.219565243,2.737391472,1,0,0.159999996,111115,0.832517446,0.002703238,297.7227577,298.1432137,287.8733529,2.056096291,3.099581263,30.61890704,10.53945262,24.78298569,3.138770126,0.249985789,2.032662388,1.106107738,0.158243424,27.35992666,0.714823741,67.79204677,370.4023633,0.029624263
05/20/2013,wp_peak,1,2,400,15,13:08:34,2261.5,0,16.21004385,0.274359748,270.1876956,2.704984324,1.066738313,24.57231331,6,1.420000017,1,2.840000033,24.99292946,24.57231331,26.05992126,398.776001,378.0764771,16.89647675,20.08039093,53.81585312,63.95672607,499.5110474,1799.245605,392.4249573,101.2311249,1.111157417,-0.895619392,1,-0.219565243,2.737391472,1,0,0.159999996,111115,0.832518412,0.002704984,297.7223133,298.1429295,287.8792904,2.055276571,3.099498875,30.61804241,10.53765148,24.78262138,3.138701842,0.250190006,2.032760562,1.105941281,0.158374354,27.35140436,0.714637678,67.79917956,370.3709986,0.029673697
05/20/2013,wp_peak,1,4,400,16,13:11:52,2460,0,12.69782833,0.212824543,276.4828601,2.26701719,1.129844057,24.6620369,6,1.420000017,1,2.840000033,24.97957611,24.6620369,26.05760956,400.3587036,384.0596924,16.95308876,19.62288094,54.03593445,62.545578,499.4842224,1799.318848,266.6903076,101.2250595,1.058606148,-0.889798164,1,-0.219565243,2.737391472,1,0,0.159999996,111115,0.832473704,0.002267017,297.8120369,298.1295761,287.8910092,2.270182754,3.116171348,30.784584,11.16170307,24.8208065,3.145866122,0.197987698,1.98632729,1.159538832,0.124994933,27.98699397,0.719895541,65.39811058,378.0237529,0.021967243
05/20/2013,wp_peak,1,4,400,17,13:11:53,2460.5,0,12.67117252,0.212950443,276.7601844,2.26764305,1.129536251,24.66050148,6,1.420000017,1,2.840000033,24.97888947,24.66050148,26.05711174,400.3357544,384.0683594,16.95254707,19.62309074,54.03643799,62.54882813,499.4814148,1799.354492,266.7947083,101.22509,1.058606148,-0.889798164,1,-0.219565243,2.737391472,1,0,0.159999996,111115,0.832469025,0.002267643,297.8105015,298.1288895,287.8967123,2.270042159,3.115885378,30.78174964,11.15865889,24.81969547,3.145657469,0.198096651,1.986349127,1.159308342,0.125064415,28.01507458,0.720601366,65.40583568,378.0450908,0.021922481
05/20/2013,wp_peak,1,4,400,18,13:11:54,2461,0,12.61824653,0.213065864,277.2584125,2.268244059,1.12926369,24.65942001,6,1.420000017,1,2.840000033,24.97881317,24.65942001,26.05731773,400.2989502,384.0953369,16.95269203,19.62384987,54.0369873,62.55134583,499.4985352,1799.32251,266.9609375,101.2248001,1.058606148,-0.889798164,1,-0.219565243,2.737391472,1,0,0.159999996,111115,0.832497559,0.002268244,297.80942,298.1288132,287.8915951,2.269806267,3.11568397,30.77984809,11.15599822,24.81911659,3.14554876,0.198196528,1.98642028,1.159128479,0.12512811,28.06542738,0.7218479,65.41327551,378.0972268,0.021830386
05/20/2013,wp_peak,1,4,400,19,13:11:54,2461.5,0,12.61390396,0.213157023,277.3285263,2.268018581,1.128702268,24.65634346,6,1.420000017,1,2.840000033,24.97800446,24.65634346,26.05666542,400.2863159,384.0877991,16.95285988,19.62379265,54.03997421,62.55400085,499.4909973,1799.346558,267.2141724,101.2245102,1.058606148,-0.889798164,1,-0.219565243,2.737391472,1,0,0.159999996,111115,0.832484996,0.002268019,297.8063435,298.1280045,287.8954428,2.270284803,3.115111067,30.77427652,11.15048387,24.81717396,3.145183971,0.198275405,1.986408799,1.158775172,0.125178412,28.07244424,0.722044613,65.425245,378.0917532,0.021827182
05/20/2013,wp_peak,1,4,400,20,13:11:55,2462,0,12.63240944,0.21349104,277.3215834,2.269349942,1.127723052,24.65179825,6,1.420000017,1,2.840000033,24.97829819,24.65179825,26.0560894,400.295929,384.0748596,16.95269012,19.62514496,54.03837967,62.55709457,499.4988708,1799.31604,267.5369568,101.2243118,1.058606148,-0.889798164,1,-0.219565243,2.737391472,1,0,0.159999996,111115,0.832498118,0.00226935,297.8017982,298.1282982,287.89056,2.270197937,3.114264845,30.76597695,11.14083199,24.81504822,3.14478484,0.19856438,1.986541793,1.158243047,0.125362705,28.07168644,0.722050862,65.44975695,378.0700172,0.021868651
05/20/2013,wp_peak,1,7,400,21,13:15:21,2669,0,10.74664845,0.143302807,255.1714883,1.708528922,1.235752908,24.95329666,6,1.420000017,1,2.840000033,25.09372139,24.95329666,26.06241417,400.4335632,386.7307434,17.10394096,19.1170311,54.14597702,60.51882172,499.4908752,1799.097656,164.68013,101.2229309,1.157452583,-0.857380867,1,-0.219565243,2.737391472,1,0,0.159999996,111115,0.832484792,0.001708529,298.1032967,298.2437214,287.8556186,2.536784771,3.170834826,31.32526195,12.20823085,25.02350903,3.184136914,0.136419264,1.935081918,1.249054996,0.08585487,25.82920593,0.659816921,61.93963701,381.6223014,0.017442469
05/20/2013,wp_peak,1,7,400,22,13:15:22,2669.5,0,10.71026731,0.14338677,255.6617683,1.709393233,1.235692061,24.95379448,6,1.420000017,1,2.840000033,25.09477997,24.95379448,26.06302261,400.3910522,386.731781,17.10442162,19.11849022,54.14429092,60.5198555,499.5000305,1799.083008,164.7973022,101.2233124,1.157452583,-0.857380867,1,-0.219565243,2.737391472,1,0,0.159999996,111115,0.832500051,0.001709393,298.1037945,298.24478,287.8532748,2.536379736,3.170928969,31.32607395,12.20758373,25.02428722,3.184284621,0.136495352,1.935236908,1.249047713,0.085903089,25.87893104,0.661082903,61.94366771,381.6406329,0.017383716
05/20/2013,wp_peak,1,7,400,23,13:15:22,2670,0,10.72346016,0.143572317,255.6448012,1.710497207,1.234969022,24.95163536,6,1.420000017,1,2.840000033,25.09468842,24.95163536,26.06289101,400.3852844,386.7095642,17.10622406,19.12160683,54.15027237,60.53002548,499.4951172,1799.069824,165.0140228,101.2232742,1.157452583,-0.857380867,1,-0.219565243,2.737391472,1,0,0.159999996,111115,0.832491862,0.001710497,298.1016354,298.2446884,287.8511654,2.536065,3.170520673,31.32205214,12.20044531,25.02316189,3.184071027,0.136663482,1.935551652,1.248519376,0.086009638,25.87720382,0.661077007,61.9634209,381.6121448,0.017411979
05/20/2013,wp_peak,1,7,400,24,13:15:23,2670.5,0,10.72995847,0.143655399,255.6322477,1.710716422,1.234447303,24.94914246,6,1.420000017,1,2.840000033,25.09534645,24.94914246,26.06206322,400.3840942,386.70047,17.10650253,19.1221447,54.14891434,60.5292244,499.4945679,1799.046143,165.0862274,101.2230606,1.157452583,-0.857380867,1,-0.219565243,2.737391472,1,0,0.159999996,111115,0.832490946,0.001710716,298.0991425,298.2453465,287.8473764,2.536340458,3.170049315,31.31746161,12.19531691,25.02224445,3.183896904,0.136738758,1.935602012,1.248294892,0.086057344,25.8758785,0.661060091,61.97497423,381.5999616,0.017426336
05/20/2013,wp_peak,1,7,400,25,13:15:23,2671,0,10.72462159,0.143800559,255.8327646,1.711512831,1.233834436,24.94700813,6,1.420000017,1,2.840000033,25.0962162,24.94700813,26.06201172,400.3942566,386.7173462,17.10777283,19.12424469,54.15003967,60.53263855,499.5204163,1799.019897,165.1156158,101.2228928,1.157452583,-0.857380867,1,-0.219565243,2.737391472,1,0,0.159999996,111115,0.832534027,0.001711513,298.0970081,298.2462162,287.8431772,2.536288412,3.169645805,31.3135272,12.18928251,25.02161217,3.183776905,0.13687027,1.935811369,1.247965535,0.086140689,25.8961325,0.661549752,61.99089917,381.6193747,0.017421257
05/20/2013,wp_peak,1,8,400,26,13:19:04,2892,0,7.325317632,0.120857554,283.3363492,1.50624929,1.2813661,25.30986977,6,1.420000017,1,2.840000033,25.18046188,25.30986977,25.65591621,400.3201599,390.8143921,17.56608582,19.34030533,55.31813812,60.90541077,499.5271301,1798.895508,117.9483337,101.2150345,1.17173481,-0.863049507,1,-0.219565243,2.737391472,1,0,0.159999996,111115,0.832545217,0.001506249,298.4598698,298.3304619,287.8232748,2.604265514,3.238895771,32.00014491,12.65983959,25.24516582,3.226451439,0.115924339,1.957529671,1.268921768,0.072880348,28.67789835,0.724989547,61.05326018,387.3322869,0.011546534
05/20/2013,wp_peak,1,8,400,27,13:19:05,2892.5,0,7.330686,0.121031372,283.3884778,1.507613666,1.280761759,25.30707359,6,1.420000017,1,2.840000033,25.17962074,25.30707359,25.65513992,400.310791,390.797821,17.5651226,19.34097481,55.31781769,60.9105072,499.5195923,1798.888794,117.2121353,101.2149277,1.17173481,-0.863049507,1,-0.219565243,2.737391472,1,0,0.159999996,111115,0.832532654,0.001507614,298.4570736,298.3296207,287.8222006,2.603815578,3.238357125,31.99485688,12.65388207,25.24334717,3.226102266,0.116084246,1.957595366,1.2685069,0.072981474,28.68314428,0.725153679,61.0675317,387.313164,0.011558267
05/20/2013,wp_peak,1,8,400,28,13:19:05,2893,0,7.341814281,0.121272375,283.4356345,1.509790002,1.280171007,25.30452156,6,1.420000017,1,2.840000033,25.17891693,25.30452156,25.65529251,400.3291626,390.8017883,17.56350136,19.34191704,55.31513596,60.91614532,499.5191345,1798.869385,116.8090057,101.215126,1.17173481,-0.863049507,1,-0.219565243,2.737391472,1,0,0.159999996,111115,0.832531891,0.00150979,298.4545216,298.3289169,287.8190951,2.602902155,3.237865578,31.98993772,12.64802068,25.24171925,3.225789742,0.116305933,1.957694571,1.268095171,0.073121673,28.68797347,0.725266984,61.08282859,387.3118414,0.011578752
05/20/2013,wp_peak,1,8,400,29,13:19:06,2893,0,7.341814281,0.121272375,283.4356345,1.509790002,1.280171007,25.30452156,6,1.420000017,1,2.840000033,25.17891693,25.30452156,25.65529251,400.3291626,390.8017883,17.56350136,19.34191704,55.31513596,60.91614532,499.5191345,1798.869385,116.8090057,101.215126,1.17173481,-0.863049507,1,-0.219565243,2.737391472,1,0,0.159999996,111115,0.832531891,0.00150979,298.4545216,298.3289169,287.8190951,2.602902155,3.237865578,31.98993772,12.64802068,25.24171925,3.225789742,0.116305933,1.957694571,1.268095171,0.073121673,28.68797347,0.725266984,61.08282859,387.3118414,0.011578752
05/20/2013,wp_peak,1,8,400,30,13:19:06,2893.5,0,7.353992194,0.121389309,283.3381689,1.510674533,1.279741583,25.30242157,6,1.420000017,1,2.840000033,25.17818451,25.30242157,25.65561485,400.3166199,390.7737122,17.56258392,19.34214211,55.31472778,60.91957855,499.4907837,1798.935669,116.7807465,101.2152405,1.17173481,-0.863049507,1,-0.219565243,2.737391472,1,0,0.159999996,111115,0.832484639,0.001510675,298.4524216,298.3281845,287.8297006,2.602758914,3.237461147,31.9859058,12.64376369,25.24030304,3.225517883,0.116413481,1.957719565,1.267798319,0.073189689,28.6781409,0.725069676,61.09263547,387.2779765,0.011600834
05/20/2013,wp_peak,4,1,400,31,13:21:34,3041,0,12.99074836,0.18829967,260.8792825,2.085514404,1.164161501,25.22743988,6,1.420000017,1,2.840000033,25.05770493,25.22743988,25.66165543,400.1279297,383.5637512,17.88744164,20.34142876,56.74435806,64.52914429,499.5361328,1800.039063,237.6453857,101.2164917,1.540692329,-0.897772789,1,-0.219565243,2.737391472,1,0,0.159999996,111115,0.832560221,0.002085514,298.3774399,298.2077049,288.0062436,2.298733556,3.223049555,31.84312656,11.50169781,25.1425724,3.206805557,0.176591197,2.058888055,1.147917502,0.111364919,26.40528574,0.680145821,65.21853012,377.3885716,0.022450005
05/20/2013,wp_peak,4,1,400,32,13:21:35,3041.5,0,12.99194919,0.188554728,261.0117675,2.088610846,1.164398693,25.23059845,6,1.420000017,1,2.840000033,25.05649567,25.23059845,25.66123772,400.1274109,383.5601196,17.88752365,20.34518242,56.7483902,64.54534912,499.5285034,1800.014771,237.6665802,101.2159424,1.540692329,-0.897772789,1,-0.219565243,2.737391472,1,0,0.159999996,111115,0.832547506,0.002088611,298.3805984,298.2064957,288.0023568,2.296468497,3.223655504,31.84928608,11.50410366,25.14354706,3.206991703,0.176815503,2.059256811,1.147734891,0.111507653,26.41855202,0.680497669,65.22073501,377.3843692,0.022453089
05/20/2013,wp_peak,4,1,400,33,13:21:35,3042,0,12.97242047,0.18868914,261.2621418,2.090128314,1.164462175,25.23179054,6,1.420000017,1,2.840000033,25.05554771,25.23179054,25.66120911,400.1038513,383.5596008,17.88744736,20.34684563,56.75127029,64.5541687,499.5370178,1800.000854,237.6243134,101.2157898,1.540692329,-0.897772789,1,-0.219565243,2.737391472,1,0,0.159999996,111115,0.832561696,0.002090128,298.3817905,298.2055477,288.0001303,2.29535592,3.223884225,31.85159382,11.50474819,25.14366913,3.207015017,0.176933694,2.05942205,1.147592968,0.111582863,26.44385402,0.681151355,65.22277901,377.3931334,0.022419521
05/20/2013,wp_peak,4,1,400,34,13:21:36,3042.5,0,12.97495219,0.188939405,261.3779586,2.092553773,1.164361287,25.23249054,6,1.420000017,1,2.840000033,25.05468941,25.23249054,25.66161346,400.1017151,383.5528259,17.88688278,20.34920311,56.75228882,64.56484985,499.5220032,1799.979858,237.5731049,101.2156219,1.540692329,-0.897772789,1,-0.219565243,2.737391472,1,0,0.159999996,111115,0.832536672,0.002092554,298.3824905,298.2046894,287.9967709,2.293836083,3.224018536,31.85297362,11.50377051,25.14358997,3.206999899,0.177153729,2.059657249,1.147342651,0.111722883,26.45553264,0.681465344,65.23004712,377.3851551,0.022426869
05/20/2013,wp_peak,4,1,400,35,13:21:36,3043,0,12.99180237,0.18902264,261.2685317,2.093469545,1.164384952,25.23346329,6,1.420000017,1,2.840000033,25.05399704,25.23346329,25.66196823,400.1141663,383.5447998,17.88749313,20.3508625,56.75643158,64.57261658,499.526947,1799.948608,237.5295715,101.2153778,1.540692329,-0.897772789,1,-0.219565243,2.737391472,1,0,0.159999996,111115,0.832544912,0.00209347,298.3834633,298.203997,287.9917709,2.29306994,3.224205189,31.85489457,11.50403207,25.14373016,3.207026675,0.177226902,2.059820237,1.147206438,0.111769447,26.44439315,0.681194301,65.23224486,377.3691192,0.022457705
05/20/2013,wp_peak,4,2,400,36,13:24:42,3229.5,0,12.99007543,0.232601352,281.6495361,2.424429321,1.111374555,25.16569901,6,1.420000017,1,2.840000033,24.6101017,25.16569901,25.06815147,399.9228821,383.2036438,17.89577484,20.7475071,58.30422592,67.59513855,499.5129089,1800.153809,159.2708588,101.2097702,1.527691841,-0.901314735,1,-0.219565243,2.737391472,1,0,0.159999996,111115,0.832521515,0.002424429,298.315699,297.7601017,288.0246029,2.070036503,3.211224981,31.72840897,10.98090187,24.88790035,3.158488871,0.214993019,2.099850425,1.058638445,0.135848963,28.50568483,0.734986581,67.14896949,377.0287841,0.023135374
05/20/2013,wp_peak,4,2,400,37,13:24:42,3229.5,0,12.99007543,0.232601352,281.6495361,2.424429321,1.111374555,25.16569901,6,1.420000017,1,2.840000033,24.6101017,25.16569901,25.06815147,399.9228821,383.2036438,17.89577484,20.7475071,58.30422592,67.59513855,499.5129089,1800.153809,159.2708588,101.2097702,1.527691841,-0.901314735,1,-0.219565243,2.737391472,1,0,0.159999996,111115,0.832521515,0.002424429,298.315699,297.7601017,288.0246029,2.070036503,3.211224981,31.72840897,10.98090187,24.88790035,3.158488871,0.214993019,2.099850425,1.058638445,0.135848963,28.50568483,0.734986581,67.14896949,377.0287841,0.023135374
05/20/2013,wp_peak,4,2,400,38,13:24:43,3230,0,12.99323564,0.232735225,281.6719429,2.424214818,1.1106894,25.16192818,6,1.420000017,1,2.840000033,24.60909653,25.16192818,25.06794357,399.9172668,383.1943054,17.89566803,20.74715805,58.30736542,67.59804535,499.511322,1800.125977,159.3408051,101.2097473,1.527691841,-0.901314735,1,-0.219565243,2.737391472,1,0,0.159999996,111115,0.83251887,0.002424215,298.3119282,297.7590965,288.0201498,2.070481937,3.210504024,31.72129275,10.9741347,24.88551235,3.158038844,0.215107385,2.099814624,1.05822422,0.135922024,28.50794617,0.735062967,67.16340596,377.0179435,0.023146643
05/20/2013,wp_peak,4,2,400,39,13:24:43,3230.5,0,13.00096891,0.232793378,281.6277506,2.423584029,1.110147942,25.15888977,6,1.420000017,1,2.840000033,24.60816193,25.15888977,25.06743431,399.9130249,383.1812439,17.89603615,20.74676132,58.31184769,67.60054779,499.5155334,1800.108276,159.4025269,101.2097855,1.527691841,-0.901314735,1,-0.219565243,2.737391472,1,0,0.159999996,111115,0.832525889,0.002423584,298.3088898,297.7581619,288.0173178,2.071072207,3.209923204,31.71554202,10.9687807,24.88352585,3.157664523,0.215157062,2.099775262,1.057889261,0.135953759,28.50348422,0.734972693,67.17419986,377.0012059,0.02316517
05/20/2013,wp_peak,4,2,400,40,13:24:44,3231,0,13.02216948,0.233070764,281.552717,2.424820304,1.10949882,25.15587997,6,1.420000017,1,2.840000033,24.60785484,25.15587997,25.06712914,399.9085999,383.151123,17.89529228,20.74742699,58.31067276,67.60417175,499.5230103,1800.145508,159.4426117,101.2100983,1.527691841,-0.901314735,1,-0.219565243,2.737391472,1,0,0.159999996,111115,0.83253835,0.00242482,298.30588,297.7578548,288.0232748,2.070871917,3.209347944,31.70976018,10.96233319,24.88186741,3.15735205,0.215393989,2.099849124,1.057502926,0.136105119,28.49597815,0.734834638,67.19056118,376.9610073,0.023211071
05/20/2013,wp_peak,4,5,400,41,13:28:11,3437.5,0,8.512284812,0.105171023,249.3749687,1.230862054,1.197274649,24.89451218,6,1.420000017,1,2.840000033,24.54713631,24.89451218,25.07932663,399.9492188,389.149231,17.94035912,19.3901577,58.66962051,63.41083908,499.5157776,1799.815308,1115.885864,101.2091064,1.27140522,-0.848172188,1,-0.219565243,2.737391472,1,0,0.159999996,111115,0.832526296,0.001230862,298.0445122,297.6971363,287.9704428,2.722060545,3.159735183,31.21987037,11.82971267,24.72082424,3.127137692,0.101415403,1.962460535,1.164677158,0.063711675,25.23901775,0.640820921,62.51287018,385.1028984,0.013817797
05/20/2013,wp_peak,4,5,400,42,13:28:11,3438,0,8.535707247,0.105092395,248.9009071,1.229688954,1.196997888,24.8928566,6,1.420000017,1,2.840000033,24.54815102,24.8928566,25.07973099,399.9612732,389.1338196,17.94141579,19.3898201,58.66947937,63.40584564,499.5202637,1799.859131,1115.30127,101.2090454,1.27140522,-0.848172188,1,-0.219565243,2.737391472,1,0,0.159999996,111115,0.832533773,0.001229689,298.0428566,297.698151,287.9774545,2.723123232,3.159423071,31.21680535,11.82698525,24.72050381,3.127077826,0.101342288,1.962425183,1.164652644,0.063665506,25.19102321,0.639628052,62.51689799,385.0763532,0.013857666
05/20/2013,wp_peak,4,5,400,43,13:28:11,3438.5,0,8.553375866,0.10508015,248.6190633,1.228934342,1.196400221,24.89007378,6,1.420000017,1,2.840000033,24.54917526,24.89007378,25.07961655,399.9874268,389.138916,17.94300842,19.3905468,58.67108154,63.40432739,499.5119934,1799.947266,1115.156372,101.2090225,1.27140522,-0.848172188,1,-0.219565243,2.737391472,1,0,0.159999996,111115,0.832519989,0.001228934,298.0400738,297.6991753,287.9915561,2.724209093,3.158898508,31.21162945,11.82108266,24.71962452,3.126913556,0.101330902,1.962498288,1.164415269,0.063658316,25.16249238,0.6388954,62.52932194,385.0730508,0.013889229
05/20/2013,wp_peak,4,5,400,44,13:28:12,3438.5,0,8.553375866,0.10508015,248.6190633,1.228934342,1.196400221,24.89007378,6,1.420000017,1,2.840000033,24.54917526,24.89007378,25.07961655,399.9874268,389.138916,17.94300842,19.3905468,58.67108154,63.40432739,499.5119934,1799.947266,1115.156372,101.2090225,1.27140522,-0.848172188,1,-0.219565243,2.737391472,1,0,0.159999996,111115,0.832519989,0.001228934,298.0400738,297.6991753,287.9915561,2.724209093,3.158898508,31.21162945,11.82108266,24.71962452,3.126913556,0.101330902,1.962498288,1.164415269,0.063658316,25.16249238,0.6388954,62.52932194,385.0730508,0.013889229
05/20/2013,wp_peak,4,5,400,45,13:28:12,3439,0,8.574015668,0.105211043,248.4705218,1.229768364,1.195777889,24.88737297,6,1.420000017,1,2.840000033,24.54967117,24.88737297,25.07894325,400.0215149,389.147583,17.94312286,19.39167213,58.66969681,63.40610504,499.5015869,1799.977173,1115.197388,101.208992,1.27140522,-0.848172188,1,-0.219565243,2.737391472,1,0,0.159999996,111115,0.832502645,0.001229768,298.037373,297.6996712,287.9963412,2.72427188,3.158389479,31.20660938,11.81493724,24.71852207,3.126707606,0.101452615,1.96261159,1.164096016,0.063735174,25.14745105,0.63849946,62.54451668,385.0719066,0.01392617
05/20/2013,wp_peak,4,8,400,46,13:33:09,3737,0,19.91353499,0.255823107,235.4295169,2.657247632,1.116352536,24.96206665,6,1.420000017,1,2.840000033,24.53033257,24.96206665,25.07024384,400.1626587,375.0454407,17.18885612,20.31589317,56.26821518,66.50466156,499.500946,1799.153076,30.13380623,101.2085037,1.677624702,-0.903147697,0.666666687,-0.219565243,2.737391472,1,0,0.159999996,111115,0.832501577,0.002657248,298.1120667,297.6803326,287.8644858,1.963894356,3.172493686,31.34611786,11.03022469,24.74619961,3.131881692,0.234683184,2.05614115,1.075740542,0.148440278,23.82746914,0.627735979,66.8633579,365.5794999,0.036421239
05/20/2013,wp_peak,4,8,400,47,13:33:10,3737.5,0,19.8577416,0.255828252,235.8819441,2.657035988,1.116244929,24.96230507,6,1.420000017,1,2.840000033,24.53020287,24.96230507,25.06981277,400.1742249,375.1237183,17.19054604,20.31734848,56.27433014,66.51011658,499.4978943,1799.178345,30.09538078,101.2087708,1.677624702,-0.903147697,0.666666687,-0.219565243,2.737391472,1,0,0.159999996,111115,0.83249649,0.002657036,298.1123051,297.6802029,287.8685287,1.964002484,3.172538794,31.34648085,11.02913237,24.74625397,3.131891861,0.234687514,2.056293865,1.075597996,0.14844305,23.87332161,0.628811063,66.86704723,365.6842989,0.036310789
05/20/2013,wp_peak,4,8,400,48,13:33:10,3738,0,19.81194263,0.256125385,236.3851559,2.658385766,1.115621746,24.9606781,6,1.420000017,1,2.840000033,24.52992249,24.9606781,25.06937027,400.1726074,375.1765137,17.19213486,20.3204937,56.28039932,66.52143097,499.5014038,1799.170532,30.16157722,101.2086258,1.677624702,-0.903147697,0.666666687,-0.219565243,2.737391472,1,0,0.159999996,111115,0.83250234,0.002658386,298.1106781,297.6799225,287.8672787,1.963469088,3.172230989,31.34348445,11.02299075,24.74530029,3.131713455,0.234937544,2.056609243,1.075104212,0.1486031,23.92421679,0.630063843,66.88550749,365.758865,0.036229657
05/20/2013,wp_peak,4,8,400,49,13:33:11,3738.5,0,19.75418365,0.256190374,236.8469795,2.657969474,1.115188669,24.95910454,6,1.420000017,1,2.840000033,24.52937317,24.95910454,25.06847382,400.1479797,375.2207336,17.19388962,20.32182693,56.28800964,66.52799988,499.4898071,1799.143188,30.12381172,101.2086487,1.677624702,-0.903147697,0.666666687,-0.219565243,2.737391472,1,0,0.159999996,111115,0.832483012,0.002657969,298.1091045,297.6793732,287.8629037,1.963777825,3.171933312,31.34053614,11.01870921,24.74423885,3.131514899,0.234992224,2.056744643,1.074770256,0.148638103,23.97096274,0.631220395,66.89597813,365.8305408,0.036122611
05/20/2013,wp_peak,4,8,400,50,13:33:11,3739,0,19.71960095,0.256298061,237.1591096,2.657863718,1.114716864,24.95676231,6,1.420000017,1,2.840000033,24.52943611,24.95676231,25.06804276,400.1351013,375.2491455,17.19427299,20.32211113,56.28904724,66.52867889,499.4856262,1799.211304,30.04935074,101.2086487,1.677624702,-0.903147697,0.666666687,-0.219565243,2.737391472,1,0,0.159999996,111115,0.832476044,0.002657864,298.1067623,297.6794361,287.8738022,1.964293739,3.17149027,31.33615863,11.0140475,24.74309921,3.131301727,0.235082825,2.056773406,1.074528321,0.1486961,24.00255301,0.632004396,66.90658153,365.8753916,0.036060668
05/20/2013,wp_peak,5,4,400,51,13:37:16,3983.5,0,18.0650709,0.362115952,282.6592661,3.435716878,1.054061906,25.05245972,6,1.420000017,1,2.840000033,24.64116859,25.05245972,25.07144547,399.9992981,376.7453308,17.06383514,21.10361671,55.48234558,68.61753082,499.5137634,1799.280029,955.1557007,101.1946945,1.517529488,-0.929999352,1,-0.219565243,2.737391472,1,0,0.159999996,111115,0.832522939,0.003435717,298.2024597,297.7911686,287.8847983,1.559908456,3.189635952,31.51979427,10.41617755,24.84681416,3.150753848,0.321165542,2.135574047,1.015179801,0.204045463,28.60361808,0.750266143,69.89862477,368.1580613,0.03429841
05/20/2013,wp_peak,5,4,400,52,13:37:16,3984,0,18.05587662,0.36237949,282.7511556,3.437656266,1.053973437,25.05264091,6,1.420000017,1,2.840000033,24.64217758,25.05264091,25.07168007,399.9773254,376.734314,17.06295013,21.10487747,55.47599792,68.61733246,499.5297546,1799.294922,952.7008057,101.1944733,1.517529488,-0.929999352,1,-0.219565243,2.737391472,1,0,0.159999996,111115,0.832549591,0.003437656,298.2026409,297.7921776,287.8871811,1.559034617,3.189670396,31.52020355,10.41532608,24.84740925,3.150865764,0.321372828,2.135696959,1.015168805,0.204179335,28.61285426,0.750531993,69.90392736,368.151415,0.034284173
05/20/2013,wp_peak,5,4,400,53,13:37:17,3984.5,0,18.04550147,0.362620078,282.8638812,3.438731362,1.053686623,25.05176926,6,1.420000017,1,2.840000033,24.64307785,25.05176926,25.0716877,399.9727478,376.7427979,17.06301117,21.10600281,55.47340012,68.61753082,499.5538635,1799.256226,950.1592407,101.1948166,1.517529488,-0.929999352,1,-0.219565243,2.737391472,1,0,0.159999996,111115,0.832589773,0.003438731,298.2017693,297.7930779,287.8809897,1.558640828,3.189504706,31.51845928,10.41245647,24.84742355,3.150868454,0.321562033,2.135818083,1.015050371,0.204301533,28.62435857,0.750814303,69.91282422,368.1648307,0.034267585
05/20/2013,wp_peak,5,4,400,54,13:37:17,3985,0,18.04129908,0.362847445,282.9155181,3.439537886,1.053348998,25.05060768,6,1.420000017,1,2.840000033,24.6427784,25.05060768,25.07159615,399.9489136,376.7224121,17.06298637,21.10715103,55.4743309,68.62251282,499.5255127,1799.25354,947.6873169,101.1948471,1.517529488,-0.929999352,1,-0.219565243,2.737391472,1,0,0.159999996,111115,0.832542521,0.003439538,298.2006077,297.7927784,287.88056,1.558333727,3.189283919,31.51626797,10.40911694,24.84669304,3.15073107,0.321740815,2.135934921,1.014796149,0.204417001,28.6295926,0.750992001,69.92253408,368.1464426,0.034266075
05/20/2013,wp_peak,5,4,400,55,13:37:18,3985.5,0,18.05075004,0.363129664,282.9208961,3.440563898,1.052932096,25.04903984,6,1.420000017,1,2.840000033,24.64167976,25.04903984,25.07068443,399.9500122,376.7098694,17.06274986,21.10844231,55.47689819,68.63084412,499.4851685,1799.196899,945.2319946,101.1942902,1.517529488,-0.929999352,1,-0.219565243,2.737391472,1,0,0.159999996,111115,0.832475281,0.003440564,298.1990398,297.7916798,287.8714975,1.557757808,3.188985932,31.51349673,10.40505442,24.8453598,3.15048035,0.321962691,2.136053836,1.014426514,0.204560305,28.62997925,0.751031282,69.93430102,368.1294073,0.034291381
05/20/2013,wp_peak,5,6,400,56,13:40:58,4206,0,19.13372974,0.366851355,277.1010662,3.366627671,1.020502539,25.15949821,6,1.420000017,1,2.840000033,24.75175095,25.15949821,25.07383537,399.600769,375.0995178,17.68340492,21.64003372,57.10983658,69.88805389,499.481842,1800.749634,1210.97937,101.179924,1.631329536,-0.941130638,1,-0.219565243,2.737391472,1,0,0.159999996,111115,0.832469737,0.003366628,298.3094982,297.9017509,288.119935,1.598972685,3.210039506,31.72605176,10.08601804,24.95562458,3.171275082,0.324884983,2.189536968,0.981738115,0.206448037,28.03706482,0.738740129,71.07396328,366.0042591,0.037155579
05/20/2013,wp_peak,5,6,400,57,13:40:59,4206.5,0,19.11750046,0.367080557,277.2316762,3.367197258,1.020108217,25.15988922,6,1.420000017,1,2.840000033,24.75216103,25.15988922,25.07411957,399.5804138,375.0984192,17.68738747,21.64466476,57.12131119,69.90131378,499.4821167,1800.722534,1217.548584,101.1799469,1.631329536,-0.941130638,1,-0.219565243,2.737391472,1,0,0.159999996,111115,0.832470194,0.003367197,298.3098892,297.902161,288.115599,1.598625314,3.210114248,31.72678329,10.08211852,24.95602512,3.171350839,0.325064733,2.190006032,0.981344807,0.20656417,28.05028628,0.739090495,71.08780031,366.0108751,0.03713062
05/20/2013,wp_peak,5,6,400,58,13:41:00,4207,0,19.11151129,0.36708992,277.254769,3.367100949,1.020054801,25.16099358,6,1.420000017,1,2.840000033,24.752491,25.16099358,25.07438469,399.565033,375.0902405,17.69008827,21.64725304,57.12897491,69.9083786,499.4807129,1800.704102,1221.60144,101.180069,1.631329536,-0.941130638,1,-0.219565243,2.737391472,1,0,0.159999996,111115,0.832467855,0.003367101,298.3109936,297.902491,288.1126498,1.598533175,3.210325356,31.72883147,10.08157843,24.95674229,3.171486482,0.325072075,2.190270555,0.981215927,0.206568913,28.05265665,0.739168176,71.09123091,366.0055433,0.037121319
05/20/2013,wp_peak,5,6,400,59,13:41:00,4208,0,19.13330115,0.367299974,277.1771505,3.366761863,1.019429925,25.16104126,6,1.420000017,1,2.840000033,24.7544899,25.16104126,25.07533455,399.567627,375.0663147,17.69672966,21.65356636,57.14347458,69.9202652,499.4685974,1800.665649,1225.036743,101.1798477,1.631329536,-0.941130638,1,-0.219565243,2.737391472,1,0,0.159999996,111115,0.832447662,0.003366762,298.3110413,297.9044899,288.1064975,1.598900589,3.210334472,31.72899094,10.07542458,24.95776558,3.171680036,0.325236784,2.190904547,0.980775489,0.20667533,28.04474188,0.739008382,71.11081827,365.9712597,0.037177365
05/20/2013,wp_peak,5,6,400,60,13:41:01,4208.5,0,19.13134972,0.367374663,277.2080453,3.36666262,1.019215651,25.16131783,6,1.420000017,1,2.840000033,24.75666809,25.16131783,25.07591057,399.5684509,375.0699768,17.69955254,21.65618706,57.14520645,69.91969299,499.4780579,1800.637207,1225.282349,101.1799393,1.631329536,-0.941130638,1,-0.219565243,2.737391472,1,0,0.159999996,111115,0.83246343,0.003366663,298.3113178,297.9066681,288.1019467,1.599154381,3.210387342,31.72948477,10.07329771,24.95899296,3.171912205,0.325295344,2.191171691,0.980740514,0.206713166,28.04789319,0.739083538,71.11799253,365.9758494,0.037176857
05/20/2013,wp_peak,7,2,400,61,13:45:01,4448,0,13.63407126,0.214584114,267.6884899,2.670921802,1.32121292,24.79159927,6,1.420000017,1,2.840000033,23.52127838,24.79159927,23.11077309,400.4286499,382.8215637,14.83037186,17.9812851,51.56125259,62.51613998,499.4542847,1799.833862,846.796814,101.1703033,1.793072701,-0.787796974,1,-0.219565243,2.737391472,1,0,0.159999996,111115,0.832423808,0.002670922,297.9415993,296.6712784,287.9734115,1.846303004,3.140384988,31.04058092,13.05929583,24.15643883,3.023234963,0.19950961,1.819172068,1.204062895,0.125965559,27.08212573,0.699251336,59.90097946,376.3405792,0.021700934
05/20/2013,wp_peak,7,2,400,62,13:45:01,4448.5,0,13.60982027,0.214432087,267.812643,2.668395533,1.320835829,24.78919601,6,1.420000017,1,2.840000033,23.52053452,24.78919601,23.11043167,400.401886,382.8245544,14.83254147,17.98057175,51.57106781,62.51641464,499.439209,1799.799072,845.0927124,101.1702271,1.793072701,-0.787796974,1,-0.219565243,2.737391472,1,0,0.159999996,111115,0.832398682,0.002668396,297.939196,296.6705345,287.9678451,1.847788712,3.139934355,31.03615013,13.05557838,24.15486526,3.022949544,0.199378186,1.819098526,1.203851018,0.125881735,27.0946659,0.699570181,59.90478117,376.3550977,0.021662874
05/20/2013,wp_peak,7,2,400,63,13:45:02,4449,0,13.59843688,0.214341284,267.8491936,2.666142536,1.32025198,24.78548241,6,1.420000017,1,2.840000033,23.51971245,24.78548241,23.11065483,400.3731689,382.8108215,14.83404446,17.97937965,51.57908249,62.51564789,499.4457092,1799.82312,843.2191162,101.1706848,1.793072701,-0.787796974,1,-0.219565243,2.737391472,1,0,0.159999996,111115,0.832409515,0.002666143,297.9354824,296.6697124,287.9716928,1.849413004,3.139238132,31.02912803,13.04974838,24.15259743,3.022538236,0.199299682,1.818986152,1.203552084,0.125831665,27.09848634,0.699690757,59.91259308,376.3467759,0.021648056
05/20/2013,wp_peak,7,2,400,64,13:45:02,4449,0,13.59843688,0.214341284,267.8491936,2.666142536,1.32025198,24.78548241,6,1.420000017,1,2.840000033,23.51971245,24.78548241,23.11065483,400.3731689,382.8108215,14.83404446,17.97937965,51.57908249,62.51564789,499.4457092,1799.82312,843.2191162,101.1706848,1.793072701,-0.787796974,1,-0.219565243,2.737391472,1,0,0.159999996,111115,0.832409515,0.002666143,297.9354824,296.6697124,287.9716928,1.849413004,3.139238132,31.02912803,13.04974838,24.15259743,3.022538236,0.199299682,1.818986152,1.203552084,0.125831665,27.09848634,0.699690757,59.91259308,376.3467759,0.021648056
05/20/2013,wp_peak,7,2,400,65,13:45:03,4449.5,0,13.5855077,0.214251896,267.9054618,2.664192496,1.319801761,24.78291321,6,1.420000017,1,2.840000033,23.51935768,24.78291321,23.11066628,400.3513794,382.8048401,14.83591652,17.97906685,51.58670807,62.51591492,499.4274902,1799.880005,841.1766968,101.1707001,1.793072701,-0.787796974,1,-0.219565243,2.737391472,1,0,0.159999996,111115,0.83237915,0.002664192,297.9329132,296.6693577,287.9807943,1.850846105,3.13875654,31.02436316,13.04529631,24.15113544,3.022273109,0.199222398,1.81895478,1.203318329,0.125782373,27.10418313,0.699848679,59.91904594,376.3469404,0.021629793
05/20/2013,wp_peak,7,4,400,66,13:48:14,4641,0,8.855826372,0.176935121,299.2674896,2.126088932,1.249755893,24.61206436,5,1.639565259,1,3.279130518,24.29040718,24.61206436,24.49341583,399.6765442,389.9812622,16.2683754,18.35765839,54.00150299,60.93670273,499.4677429,1799.779907,760.7080688,101.1632233,1.56034565,-0.800703049,1,-0.219565243,2.737391472,1,0,0.159999996,111115,0.998935486,0.002126089,297.7620644,297.4404072,287.9647787,1.992167059,3.106875787,30.71151439,12.353856,24.45123577,3.077123825,0.167876833,1.857119894,1.220003931,0.105700911,30.27486387,0.767389407,60.87393716,386.3353672,0.013953913
05/20/2013,wp_peak,7,4,400,67,13:48:14,4641.5,0,8.806030234,0.176985699,299.757459,2.126370715,1.249577886,24.61261177,5,1.639565259,1,3.279130518,24.29029274,24.61261177,24.49336243,399.6268921,389.9813232,16.27089691,18.36045647,54.01014709,60.94630051,499.4664001,1799.802124,760.3427124,101.1630402,1.56034565,-0.800703049,1,-0.219565243,2.737391472,1,0,0.159999996,111115,0.9989328,0.002126371,297.7626118,297.4402927,287.9683334,1.991994323,3.106977481,30.71257522,12.35211876,24.45145226,3.077163705,0.167922364,1.857399595,1.21976411,0.105729792,30.32437586,0.768645679,60.88128557,386.355929,0.013876387
05/20/2013,wp_peak,7,4,400,68,13:48:14,4642,0,8.790065655,0.177063262,299.9410346,2.12705444,1.249455935,24.61358833,5,1.639565259,1,3.279130518,24.29046631,24.61358833,24.49344444,399.6100464,389.9802551,16.27326012,18.36347198,54.01737976,60.95561981,499.4695435,1799.806763,760.0727539,101.1629486,1.56034565,-0.800703049,1,-0.219565243,2.737391472,1,0,0.159999996,111115,0.998939087,0.002127054,297.7635883,297.4404663,287.9690756,1.991588943,3.107158907,30.71439643,12.35092444,24.45202732,3.077269643,0.167992186,1.857702973,1.21956667,0.10577408,30.34291947,0.769118515,60.88816803,386.3614334,0.013852599
05/20/2013,wp_peak,7,4,400,69,13:48:15,4642.5,0,8.783298957,0.177061213,299.9979977,2.127166861,1.249534878,24.6155014,5,1.639565259,1,3.279130518,24.29116058,24.6155014,24.49333763,399.5982056,389.9751282,16.27583694,18.36615944,54.02381897,60.9621582,499.4681396,1799.861572,760.0458984,101.1632004,1.56034565,-0.800703049,1,-0.219565243,2.737391472,1,0,0.159999996,111115,0.998936279,0.002127167,297.7655014,297.4411606,287.9778451,1.991478995,3.107514346,30.7178335,12.35167406,24.45333099,3.077509817,0.167990341,1.857979468,1.219530349,0.10577291,30.34875756,0.769274695,60.89002479,386.3590923,0.013842441
05/20/2013,wp_peak,7,4,400,70,13:48:15,4643,0,8.804301479,0.177215365,299.8511558,2.128766633,1.249437562,24.61676598,5,1.639565259,1,3.279130518,24.29137421,24.61676598,24.49281311,399.6000061,389.9554138,16.27759743,18.36946487,54.02891159,60.97227478,499.4729309,1799.895386,760.0211792,101.1630859,1.56034565,-0.800703049,1,-0.219565243,2.737391472,1,0,0.159999996,111115,0.998945862,0.002128767,297.766766,297.4413742,287.9832553,1.990669874,3.107749316,30.72019094,12.35072606,24.45407009,3.077645987,0.168129097,1.858311754,1.219334233,0.105860925,30.33386825,0.768937025,60.89765806,386.3307313,0.013878299
05/20/2013,wp_peak,7,8,400,71,13:51:05,4812.5,0,11.55655224,0.20010901,279.6753091,2.411372363,1.27106842,25.41711426,6,1.420000017,1,2.840000033,24.25522423,25.41711426,24.08200645,399.4372253,384.4406738,16.8173275,19.65717125,55.94052505,65.38687897,499.4580994,1800.223877,954.8905029,101.1613388,1.440777779,-0.71660614,1,-0.219565243,2.737391472,1,0,0.159999996,111115,0.832430166,0.002411372,298.5671143,297.4052242,288.0358139,1.994463548,3.259614181,32.22193596,12.56476471,24.83616924,3.148752504,0.18693724,1.988545761,1.160206743,0.117951842,28.2923287,0.727486263,62.60220421,378.9472424,0.019091461
05/20/2013,wp_peak,7,8,400,72,13:51:05,4813,0,11.56400295,0.200078742,279.6037505,2.410233784,1.27065032,25.41494942,6,1.420000017,1,2.840000033,24.25511932,25.41494942,24.08193207,399.4482422,384.4433289,16.81867218,19.65716171,55.9453392,65.38724518,499.4604492,1800.22229,939.1844482,101.1613235,1.440777779,-0.71660614,1,-0.219565243,2.737391472,1,0,0.159999996,111115,0.832434082,0.002410234,298.5649494,297.4051193,288.03556,1.99534085,3.259194816,32.21779532,12.56063361,24.83503437,3.148539203,0.186910826,1.988544496,1.159994706,0.117935016,28.28508547,0.727295103,62.60940263,378.9463557,0.019106011
05/20/2013,wp_peak,7,8,400,73,13:51:06,4813.5,0,11.55660438,0.200093966,279.6912549,2.409421298,1.270131995,25.41242981,6,1.420000017,1,2.840000033,24.25458908,25.41242981,24.08213806,399.4552002,384.4593506,16.81994057,19.65750122,55.95122147,65.39031219,499.4553528,1800.196533,923.6348267,101.1611176,1.440777779,-0.71660614,1,-0.219565243,2.737391472,1,0,0.159999996,111115,0.832425588,0.002409421,298.5624298,297.4045891,288.0314389,1.99599414,3.258706787,32.21303664,12.55553542,24.83350945,3.14825261,0.186924112,1.988574792,1.159677818,0.117943479,28.29387991,0.727492398,62.61932965,378.9658943,0.01909583
05/20/2013,wp_peak,7,8,400,74,13:51:06,4813.5,0,11.55660438,0.200093966,279.6912549,2.409421298,1.270131995,25.41242981,6,1.420000017,1,2.840000033,24.25458908,25.41242981,24.08213806,399.4552002,384.4593506,16.81994057,19.65750122,55.95122147,65.39031219,499.4553528,1800.196533,923.6348267,101.1611176,1.440777779,-0.71660614,1,-0.219565243,2.737391472,1,0,0.159999996,111115,0.832425588,0.002409421,298.5624298,297.4045891,288.0314389,1.99599414,3.258706787,32.21303664,12.55553542,24.83350945,3.14825261,0.186924112,1.988574792,1.159677818,0.117943479,28.29387991,0.727492398,62.61932965,378.9658943,0.01909583
05/20/2013,wp_peak,7,8,400,75,13:51:07,4814,0,11.57185853,0.200092922,279.5649996,2.408398381,1.269597506,25.40989494,6,1.420000017,1,2.840000033,24.25451469,25.40989494,24.0825882,399.4726868,384.4587708,16.82160187,19.65799713,55.95681381,65.39204407,499.4481812,1800.203491,908.640686,101.1607819,1.440777779,-0.71660614,1,-0.219565243,2.737391472,1,0,0.159999996,111115,0.832413635,0.002408398,298.5598949,297.4045147,288.0325522,1.99688258,3.258215866,32.20829067,12.55029353,24.83220482,3.148007438,0.186923201,1.98861836,1.159389079,0.117942899,28.28101394,0.727165098,62.6294988,378.9580634,0.019124536
05/20/2013,wp_peak,6,1,400,81,13:56:09,5116,0,10.48247613,0.128395858,244.9509197,1.638225464,1.315714184,24.89482498,6,1.420000017,1,2.840000033,23.67601395,24.89482498,23.50426483,400.6938171,387.3384094,16.29702187,18.22922325,56.12924957,62.78402328,499.439209,1799.358276,320.4485168,101.1606445,1.657849312,-0.788738251,1,-0.219565243,2.737391472,1,0,0.159999996,111115,0.832398682,0.001638225,298.044825,296.8260139,287.8973178,2.391457112,3.159794157,31.2354095,13.00618625,24.28541946,3.046710226,0.122842186,1.844079973,1.202630253,0.077256734,24.77939291,0.632395119,59.15156198,382.3555423,0.016216708
05/20/2013,wp_peak,6,1,400,82,13:56:09,5116.5,0,10.48601798,0.128504897,245.0226895,1.640138208,1.316170971,24.89759636,6,1.420000017,1,2.840000033,23.67594528,24.89759636,23.5040741,400.7085876,387.3483582,16.29554939,18.22995567,56.12415314,62.78652191,499.4520264,1799.33728,320.3105774,101.1601868,1.657849312,-0.788738251,1,-0.219565243,2.737391472,1,0,0.159999996,111115,0.832420044,0.001640138,298.0475964,296.8259453,287.8939584,2.390025014,3.160316691,31.24071626,13.01076058,24.28677082,3.046957022,0.122941993,1.844145721,1.202811302,0.077319896,24.78654104,0.632564162,59.14551085,382.3638074,0.016220178
05/20/2013,wp_peak,6,1,400,83,13:56:10,5116.5,0,10.48601798,0.128504897,245.0226895,1.640138208,1.316170971,24.89759636,6,1.420000017,1,2.840000033,23.67594528,24.89759636,23.5040741,400.7085876,387.3483582,16.29554939,18.22995567,56.12415314,62.78652191,499.4520264,1799.33728,320.3105774,101.1601868,1.657849312,-0.788738251,1,-0.219565243,2.737391472,1,0,0.159999996,111115,0.832420044,0.001640138,298.0475964,296.8259453,287.8939584,2.390025014,3.160316691,31.24071626,13.01076058,24.28677082,3.046957022,0.122941993,1.844145721,1.202811302,0.077319896,24.78654104,0.632564162,59.14551085,382.3638074,0.016220178
05/20/2013,wp_peak,6,1,400,84,13:56:10,5117,0,10.47692963,0.128474048,245.1226566,1.640338948,1.316633296,24.89972878,6,1.420000017,1,2.840000033,23.67621803,24.89972878,23.50394821,400.7146912,387.3657227,16.29476929,18.22934532,56.12059021,62.78343964,499.469635,1799.390381,320.3161926,101.1602707,1.657849312,-0.788738251,1,-0.219565243,2.737391472,1,0,0.159999996,111115,0.832449392,0.001640339,298.0497288,296.826218,287.9024545,2.389762004,3.160718803,31.24466533,13.01532001,24.2879734,3.047176663,0.122913757,1.844085507,1.203091156,0.077302027,24.7966743,0.632793875,59.13586488,382.3854921,0.016202558
05/20/2013,wp_peak,6,1,400,85,13:56:11,5117.5,0,10.49351054,0.128583211,245.007926,1.641626679,1.316604204,24.89932442,6,1.420000017,1,2.840000033,23.67607689,24.89932442,23.50346756,400.7224426,387.3529663,16.29269028,18.22878838,56.11418533,62.78236389,499.4690552,1799.422729,320.1650696,101.1607742,1.657849312,-0.788738251,1,-0.219565243,2.737391472,1,0,0.159999996,111115,0.832448425,0.001641627,298.0493244,296.8260769,287.9076303,2.389187586,3.160642549,31.24375602,13.01496765,24.28770065,3.047126847,0.123013671,1.844038345,1.203088501,0.077365258,24.78519149,0.632518523,59.13731534,382.364854,0.016229474
05/20/2013,wp_peak,6,3,400,86,14:00:19,5366.5,0,6.98578287,0.091651269,259.5896749,1.231254296,1.367657461,24.73223114,5.800000191,1.463913023,1,2.927826047,23.68757248,24.73223114,23.49683189,400.677002,392.0032043,16.0090332,17.41410255,55.09870529,59.93456268,499.3999939,1800.029907,518.3109741,101.16008,1.690808296,-0.742542267,1,-0.219565243,2.737391472,1,0,0.159999996,111115,0.861034444,0.001231254,297.8822311,296.8375725,288.0047787,2.560965914,3.129269468,30.93383743,13.51973488,24.20990181,3.032946292,0.088869346,1.761612007,1.271334285,0.055786755,26.26011227,0.662213145,56.57143529,388.782109,0.010164968
05/20/2013,wp_peak,6,3,400,87,14:00:19,5367,0,7.003553676,0.09172256,259.366619,1.231598204,1.36701794,24.72852516,5.800000191,1.463913023,1,2.927826047,23.6873703,24.72852516,23.49656296,400.6921997,391.9977112,16.00807571,17.41352272,55.09625244,59.93348694,499.4055481,1800.022095,491.5233154,101.1603928,1.690808296,-0.742542267,1,-0.219565243,2.737391472,1,0,0.159999996,111115,0.86104402,0.001231598,297.8785252,296.8373703,288.0035287,2.561249918,3.128576738,30.92689394,13.51337122,24.20794773,3.032590862,0.088936373,1.761558798,1.271032064,0.055829015,26.23762905,0.661653402,56.58332361,388.7684218,0.010193326
05/20/2013,wp_peak,6,3,400,88,14:00:19,5367,0,7.003553676,0.09172256,259.366619,1.231598204,1.36701794,24.72852516,5.800000191,1.463913023,1,2.927826047,23.6873703,24.72852516,23.49656296,400.6921997,391.9977112,16.00807571,17.41352272,55.09625244,59.93348694,499.4055481,1800.022095,491.5233154,101.1603928,1.690808296,-0.742542267,1,-0.219565243,2.737391472,1,0,0.159999996,111115,0.86104402,0.001231598,297.8785252,296.8373703,288.0035287,2.561249918,3.128576738,30.92689394,13.51337122,24.20794773,3.032590862,0.088936373,1.761558798,1.271032064,0.055829015,26.23762905,0.661653402,56.58332361,388.7684218,0.010193326
05/20/2013,wp_peak,6,3,400,89,14:00:20,5367,0,7.003553676,0.09172256,259.366619,1.231598204,1.36701794,24.72852516,5.800000191,1.463913023,1,2.927826047,23.6873703,24.72852516,23.49656296,400.6921997,391.9977112,16.00807571,17.41352272,55.09625244,59.93348694,499.4055481,1800.022095,491.5233154,101.1603928,1.690808296,-0.742542267,1,-0.219565243,2.737391472,1,0,0.159999996,111115,0.86104402,0.001231598,297.8785252,296.8373703,288.0035287,2.561249918,3.128576738,30.92689394,13.51337122,24.20794773,3.032590862,0.088936373,1.761558798,1.271032064,0.055829015,26.23762905,0.661653402,56.58332361,388.7684218,0.010193326
05/20/2013,wp_peak,6,3,400,90,14:00:20,5367.5,0,7.013562248,0.091691906,259.1505019,1.230589824,1.366346955,24.72444153,5.800000191,1.463913023,1,2.927826047,23.68717766,24.72444153,23.4958477,400.7014771,391.9958191,16.00831795,17.41261673,55.09770966,59.93104935,499.4051208,1799.991455,465.0929565,101.1603622,1.690808296,-0.742542267,1,-0.219565243,2.737391472,1,0,0.159999996,111115,0.861043283,0.00123059,297.8744415,296.8371777,287.9986264,2.56223228,3.127813571,30.91935914,13.50674241,24.20580959,3.032201995,0.088907552,1.761466616,1.270735379,0.055810844,26.21575865,0.66110527,56.59379306,388.7619149,0.010209953
05/20/2013,wp_peak,6,4,400,91,14:03:14,5541,0,13.39976744,0.160325675,237.0383596,2.004975061,1.303435734,24.84699631,6,1.420000017,1,2.840000033,23.69706345,24.84699631,23.50865936,400.761322,383.7385864,15.8973856,18.26216125,54.68173218,62.81577301,499.4198608,1799.889404,274.0550537,101.1573792,1.770703316,-0.787658691,1,-0.219565243,2.737391472,1,0,0.159999996,111115,0.832366435,0.002004975,297.9969963,296.8470634,287.9822983,2.210244645,3.150788104,31.14738767,12.88522641,24.27202988,3.04426585,0.151758498,1.84735237,1.196913479,0.095583278,23.97817921,0.617707908,59.85011834,377.3689787,0.021251818
05/20/2013,wp_peak,6,4,400,92,14:03:15,5541.5,0,13.39306438,0.16033158,237.1253911,2.004804042,1.303274162,24.84612656,6,1.420000017,1,2.840000033,23.69747353,24.84612656,23.5088253,400.7655029,383.750824,15.89764404,18.2622242,54.68101501,62.81414795,499.4185181,1799.814941,271.5001221,101.1569214,1.770703316,-0.787658691,1,-0.219565243,2.737391472,1,0,0.159999996,111115,0.832364197,0.002004804,297.9961266,296.8474735,287.9703842,2.21036775,3.150624539,31.14591168,12.88368748,24.27180004,3.044223906,0.151763789,1.847350377,1.196873529,0.095586636,23.98687454,0.617915002,59.85311923,377.3844026,0.021241383
05/20/2013,wp_peak,6,4,400,93,14:03:15,5542,0,13.38838442,0.16035654,237.1920842,2.004862606,1.303121596,24.84560966,6,1.420000017,1,2.840000033,23.69798088,24.84560966,23.50942421,400.756012,383.7476501,15.89820766,18.26275635,54.68132782,62.8141098,499.4394836,1799.765869,264.6147766,101.1570053,1.770703316,-0.787658691,1,-0.219565243,2.737391472,1,0,0.159999996,111115,0.832399139,0.002004863,297.9956097,296.8479809,287.9625326,2.210383273,3.150527336,31.14492493,12.88216858,24.27179527,3.044223036,0.151786152,1.847405741,1.196817295,0.095600831,23.99364092,0.618093907,59.85692378,377.3834534,0.021235364
05/20/2013,wp_peak,6,4,400,94,14:03:16,5542.5,0,13.4158275,0.160538973,237.0522441,2.006188167,1.302583336,24.84346771,6,1.420000017,1,2.840000033,23.69900322,24.84346771,23.51016617,400.7807312,383.7384338,15.89792061,18.26408195,54.67702103,62.81485748,499.4284058,1799.710693,256.8875427,101.1570816,1.770703316,-0.787658691,1,-0.219565243,2.737391472,1,0,0.159999996,111115,0.832380676,0.002006188,297.9934677,296.8490032,287.9537045,2.210018385,3.150124565,31.1409198,12.87683784,24.27123547,3.044120877,0.151949596,1.847541229,1.196579649,0.095704572,23.9795132,0.617744336,59.87086963,377.361192,0.021285105
05/20/2013,wp_peak,6,4,400,95,14:03:16,5543,0,13.43527921,0.160543627,236.8694765,2.005477828,1.302089074,24.84062958,6,1.420000017,1,2.840000033,23.69956017,24.84062958,23.51053619,400.8151855,383.7507629,15.89851475,18.26370811,54.67718124,62.811409,499.4560852,1799.570801,245.1908722,101.1569977,1.770703316,-0.787658691,1,-0.219565243,2.737391472,1,0,0.159999996,111115,0.832426809,0.002005478,297.9906296,296.8495602,287.9313217,2.210590768,3.149590953,31.13567055,12.87196243,24.27009487,3.043912741,0.151953765,1.847501879,1.196410861,0.095707218,23.96100509,0.617248223,59.87947822,377.3642747,0.021318857
05/20/2013,wp_peak,6,5,400,96,14:06:38,5745,0,12.66508311,0.274876622,298.2218085,2.966646406,1.166395742,25.11786079,6,1.420000017,1,2.840000033,23.92920113,25.11786079,23.50333214,401.0213928,384.4348145,16.63197136,20.12449455,56.41381454,68.2600708,499.400116,1798.818848,939.9846802,101.1550064,1.698254585,-0.843922615,1,-0.219565243,2.737391472,1,0,0.159999996,111115,0.832333527,0.002966646,298.2678608,297.0792011,287.8110092,1.699443781,3.202089117,31.65527076,11.53077621,24.52353096,3.090466881,0.250619752,2.035693375,1.054773506,0.158649885,30.16662895,0.775740899,65.90568667,378.4144405,0.022057853
05/20/2013,wp_peak,6,5,400,97,14:06:38,5745.5,0,12.68039592,0.27518905,298.2166362,2.968928571,1.166081424,25.1180954,6,1.420000017,1,2.840000033,23.92969322,25.1180954,23.50324249,401.0465698,384.4405823,16.63287544,20.12805939,56.41517258,68.2700882,499.4020081,1798.77063,939.7302246,101.1549301,1.698254585,-0.843922615,1,-0.219565243,2.737391472,1,0,0.159999996,111115,0.83233668,0.002968929,298.2680954,297.0796932,287.8032943,1.698193796,3.202133865,31.65573701,11.52767762,24.52389431,3.09053407,0.250879446,2.036052441,1.054481629,0.158816394,30.16608299,0.775715806,65.91869853,378.4129294,0.02208897
05/20/2013,wp_peak,6,5,400,98,14:06:39,5746,0,12.67811782,0.275591871,298.333412,2.971611409,1.165577238,25.11714745,6,1.420000017,1,2.840000033,23.93025589,25.11714745,23.50340843,401.0385132,384.4334412,16.63282776,20.13128662,56.41301727,68.27862549,499.383728,1798.752808,939.4598389,101.1547775,1.698254585,-0.843922615,1,-0.219565243,2.737391472,1,0,0.159999996,111115,0.832306213,0.002971611,298.2671474,297.0802559,287.8004428,1.696964465,3.201953058,31.65399733,11.52271071,24.52370167,3.090498447,0.251214199,2.036375819,1.054122628,0.159031035,30.17784992,0.776033977,65.93588959,378.4068711,0.022091115
05/20/2013,wp_peak,6,5,400,99,14:06:39,5746.5,0,12.67642363,0.27603863,298.47011,2.973427464,1.164571502,25.11333084,6,1.420000017,1,2.840000033,23.93101883,25.11333084,23.50336647,401.0397949,384.4360352,16.63347435,20.13403511,56.41261673,68.2848053,499.3874817,1798.724854,939.2619019,101.1547699,1.698254585,-0.843922615,1,-0.219565243,2.737391472,1,0,0.159999996,111115,0.832312469,0.002973427,298.2633308,297.0810188,287.7959701,1.696590675,3.201225191,31.64680414,11.51276903,24.52217484,3.090216125,0.251585363,2.036653689,1.053562436,0.159269031,30.1916753,0.776384321,65.96250226,378.4102705,0.02209688
05/20/2013,wp_peak,6,5,400,100,14:06:40,5747,0,12.67397836,0.276246052,298.540013,2.973988412,1.163997072,25.11125946,6,1.420000017,1,2.840000033,23.93185616,25.11125946,23.50291061,401.0332947,384.4328308,16.63469315,20.13578033,56.41399384,68.28739166,499.4057007,1798.683228,939.309082,101.1549149,1.698254585,-0.843922615,1,-0.219565243,2.737391472,1,0,0.159999996,111115,0.832342834,0.002973988,298.2612595,297.0818562,287.78931,1.69661615,3.200830218,31.64285415,11.50707382,24.52155781,3.090102039,0.251757652,2.036833145,1.053268894,0.159379508,30.19878959,0.776572626,65.9773966,378.4082285,0.022097725
05/20/2013,wp_peak,6,7,400,101,14:10:00,5946.5,0,18.22037403,0.372681164,284.2178733,3.676568809,1.099689636,24.89509392,6,1.420000017,1,2.840000033,23.83638,24.89509392,23.49740791,400.5914307,377.0363464,16.04016876,20.36718941,54.70862961,69.46691132,499.4227295,1800.121826,1199.196411,101.1506882,2.016186714,-0.87574482,1,-0.219565243,2.737391472,1,0,0.159999996,111115,0.832371216,0.003676569,298.0450939,296.98638,288.0194857,1.349200278,3.159844861,31.2389853,10.87179589,24.36573696,3.061408877,0.329448972,2.060155225,1.001253652,0.209397404,28.74883348,0.753820888,68.42027555,368.3752532,0.03384166
05/20/2013,wp_peak,6,7,400,102,14:10:00,5947,0,18.2331034,0.372804313,284.1817136,3.676895523,1.099465418,24.89410591,6,1.420000017,1,2.840000033,23.83631325,24.89410591,23.49761963,400.6035767,377.0335693,16.0402832,20.36759377,54.70915985,69.46846771,499.4334412,1800.135254,1198.667725,101.1505432,2.016186714,-0.87574482,1,-0.219565243,2.737391472,1,0,0.159999996,111115,0.832389069,0.003676896,298.0441059,296.9863132,288.0216342,1.349181461,3.159658591,31.23718856,10.86959479,24.36520958,3.061312161,0.329545203,2.060193173,1.001118987,0.209459606,28.7451347,0.753730534,68.42608595,368.3664252,0.033868991
05/20/2013,wp_peak,6,7,400,103,14:10:00,5947.5,0,18.22842994,0.373058896,284.253236,3.677855175,1.099085384,24.89237213,6,1.420000017,1,2.840000033,23.8357029,24.89237213,23.49716377,400.5939026,377.0279236,16.03955841,20.36821175,54.70845032,69.47281647,499.4085083,1800.173462,1198.304688,101.1500854,2.016186714,-0.87574482,1,-0.219565243,2.737391472,1,0,0.159999996,111115,0.832347514,0.003677855,298.0423721,296.9857029,288.0277475,1.348908368,3.159331743,31.23409861,10.86588686,24.36403751,3.061097226,0.329744117,2.060246359,1.000850867,0.209588182,28.75223911,0.753931521,68.43627538,368.363001,0.033865666
05/20/2013,wp_peak,6,7,400,104,14:10:01,5948,0,18.22709474,0.373305172,284.3090763,3.678777363,1.098723909,24.89027977,6,1.420000017,1,2.840000033,23.83508301,24.89027977,23.49706459,400.5875854,377.024292,16.03838921,20.36785698,54.7065773,69.47428894,499.4399414,1800.150391,1198.070923,101.1502304,2.016186714,-0.87574482,1,-0.219565243,2.737391472,1,0,0.159999996,111115,0.832399902,0.003678777,298.0402798,296.985083,288.0240561,1.348586526,3.158937336,31.23015462,10.86229764,24.36268139,3.060848554,0.329936509,2.060213426,1.000635128,0.209712545,28.75792858,0.754086891,68.44520497,368.3600041,0.03386788
05/20/2013,wp_peak,6,7,400,105,14:10:01,5948,0,18.22709474,0.373305172,284.3090763,3.678777363,1.098723909,24.89027977,6,1.420000017,1,2.840000033,23.83508301,24.89027977,23.49706459,400.5875854,377.024292,16.03838921,20.36785698,54.7065773,69.47428894,499.4399414,1800.150391,1198.070923,101.1502304,2.016186714,-0.87574482,1,-0.219565243,2.737391472,1,0,0.159999996,111115,0.832399902,0.003678777,298.0402798,296.985083,288.0240561,1.348586526,3.158937336,31.23015462,10.86229764,24.36268139,3.060848554,0.329936509,2.060213426,1.000635128,0.209712545,28.75792858,0.754086891,68.44520497,368.3600041,0.03386788
05/20/2013,wp_peak,7,5,400,106,14:13:13,6139.5,0,17.2261152,0.261498907,259.3724735,2.711217285,1.116194059,24.70922661,6,1.420000017,1,2.840000033,23.58677673,24.70922661,23.49676704,400.7211914,378.7919922,16.66730881,19.85986519,57.7065239,68.75997925,499.4191284,1800.106812,238.338028,101.1475906,1.976056099,-0.847195625,1,-0.219565243,2.737391472,1,0,0.159999996,111115,0.832365214,0.002711217,297.8592266,296.7367767,288.0170834,1.845825621,3.124971573,30.8951657,11.03530051,24.14800167,3.021704874,0.239450962,2.008777514,1.01292736,0.151492961,26.23490077,0.684735894,66.44139362,370.603522,0.030882791
05/20/2013,wp_peak,7,5,400,107,14:13:13,6140,0,17.20948554,0.26167395,259.5713889,2.710524312,1.115229842,24.70458412,6,1.420000017,1,2.840000033,23.58558273,24.70458412,23.4957943,400.7163696,378.8076172,16.66911697,19.86082458,57.71695328,68.7682724,499.4237671,1800.081543,233.3083038,101.1476135,1.976056099,-0.847195625,1,-0.219565243,2.737391472,1,0,0.159999996,111115,0.832372945,0.002710524,297.8545841,296.7355827,288.0130404,1.846618767,3.124104851,30.88658983,11.02576525,24.14508343,3.021175805,0.239597724,2.008875009,1.012300796,0.151586952,26.25502653,0.68523276,66.46310468,370.627052,0.0308611
05/20/2013,wp_peak,7,5,400,108,14:13:14,6140.5,0,17.21214971,0.26194101,259.6462029,2.711174434,1.114459016,24.70120621,6,1.420000017,1,2.840000033,23.58455086,24.70120621,23.49568558,400.7001953,378.7891846,16.66991043,19.86220741,57.72329712,68.77734375,499.4506226,1800.106689,279.9692688,101.1476364,1.976056099,-0.847195625,1,-0.219565243,2.737391472,1,0,0.159999996,111115,0.832417704,0.002711174,297.8512062,296.7345509,288.0170639,1.846653305,3.123474349,30.88034936,11.01814195,24.14287853,3.020776117,0.239821604,2.009015334,1.011760784,0.151730335,26.26259973,0.685463613,66.48248916,370.6073529,0.030876521
05/20/2013,wp_peak,7,5,400,109,14:13:14,6141,0,17.21100799,0.26170846,259.5592299,2.708102431,1.114105988,24.69875908,6,1.420000017,1,2.840000033,23.58291245,24.69875908,23.49524879,400.6937866,378.7855225,16.67247772,19.861166,57.73793793,68.78058624,499.4498291,1800.15979,316.0766296,101.1477203,1.976056099,-0.847195625,1,-0.219565243,2.737391472,1,0,0.159999996,111115,0.832416382,0.002708102,297.8487591,296.7329124,288.02556,1.848477403,3.123017652,30.87580858,11.01464258,24.14083576,3.02040586,0.239626656,2.008911664,1.011494196,0.151605481,26.25382439,0.68524063,66.48579005,370.6042335,0.030876265
05/20/2013,wp_peak,7,5,400,110,14:13:14,6141,0,17.21100799,0.26170846,259.5592299,2.708102431,1.114105988,24.69875908,6,1.420000017,1,2.840000033,23.58291245,24.69875908,23.49524879,400.6937866,378.7855225,16.67247772,19.861166,57.73793793,68.78058624,499.4498291,1800.15979,316.0766296,101.1477203,1.976056099,-0.847195625,1,-0.219565243,2.737391472,1,0,0.159999996,111115,0.832416382,0.002708102,297.8487591,296.7329124,288.02556,1.848477403,3.123017652,30.87580858,11.01464258,24.14083576,3.02040586,0.239626656,2.008911664,1.011494196,0.151605481,26.25382439,0.68524063,66.48579005,370.6042335,0.030876265
05/20/2013,wp_peak,3,1,400,111,14:15:58,6306,0,7.393196131,0.126989018,287.0145713,1.687701468,1.368574584,25.08398056,5.900000095,1.44195652,1,2.88391304,23.63700104,25.08398056,23.49359131,400.6743774,391.159668,16.10584259,18.06377411,55.59261322,62.350811,499.3826294,1800.561768,897.7770386,101.1448669,1.856274605,-0.771668434,1,-0.219565243,2.737391472,1,0,0.159999996,111115,0.846411223,0.001687701,298.2339806,296.787001,288.0898764,2.305657698,3.195632613,31.59460988,13.53083577,24.3604908,3.060446905,0.121633078,1.827058029,1.233388876,0.076484388,29.03005062,0.733752978,57.93542883,387.6988095,0.011047957
05/20/2013,wp_peak,3,1,400,112,14:15:59,6306.5,0,7.416186313,0.127074619,286.756432,1.689026007,1.368764775,25.08506584,5.900000095,1.44195652,1,2.88391304,23.63696098,25.08506584,23.49484444,400.6795654,391.137085,16.1044426,18.06391907,55.58797455,62.35152817,499.3804321,1800.615845,897.7545166,101.1449661,1.856274605,-0.771668434,1,-0.219565243,2.737391472,1,0,0.159999996,111115,0.846407498,0.001689026,298.2350658,296.786961,288.0985287,2.304922383,3.195839257,31.59662195,13.53270288,24.36101341,3.060542723,0.121711608,1.827074482,1.233468241,0.07653407,29.0039696,0.733135371,57.93345285,387.6654645,0.011082888
05/20/2013,wp_peak,3,1,400,113,14:15:59,6306.5,0,7.416186313,0.127074619,286.756432,1.689026007,1.368764775,25.08506584,5.900000095,1.44195652,1,2.88391304,23.63696098,25.08506584,23.49484444,400.6795654,391.137085,16.1044426,18.06391907,55.58797455,62.35152817,499.3804321,1800.615845,897.7545166,101.1449661,1.856274605,-0.771668434,1,-0.219565243,2.737391472,1,0,0.159999996,111115,0.846407498,0.001689026,298.2350658,296.786961,288.0985287,2.304922383,3.195839257,31.59662195,13.53270288,24.36101341,3.060542723,0.121711608,1.827074482,1.233468241,0.07653407,29.0039696,0.733135371,57.93345285,387.6654645,0.011082888
05/20/2013,wp_peak,3,1,400,114,14:16:00,6307,0,7.437288894,0.127096874,286.4957772,1.689312236,1.368769453,25.08488083,5.900000095,1.44195652,1,2.88391304,23.63783646,25.08488083,23.49507332,400.7004395,391.132843,16.10367966,18.06350136,55.58247757,62.34687805,499.3772888,1800.585571,897.8265991,101.1450958,1.856274605,-0.771668434,1,-0.219565243,2.737391472,1,0,0.159999996,111115,0.846402171,0.001689312,298.2348808,296.7878365,288.093685,2.304858789,3.195804028,31.59623314,13.53273178,24.36135864,3.06060602,0.121732025,1.827034576,1.233571444,0.076546986,28.97764284,0.732476912,57.93317369,387.6513441,0.011114775
05/20/2013,wp_peak,3,1,400,115,14:16:00,6307.5,0,7.462580843,0.127190314,286.2290055,1.690254344,1.368570707,25.08348846,5.900000095,1.44195652,1,2.88391304,23.63856506,25.08348846,23.49539948,400.7210388,391.123291,16.10196877,18.06285477,55.57410431,62.34187317,499.3849182,1800.591675,897.8389282,101.1450424,1.856274605,-0.771668434,1,-0.219565243,2.737391472,1,0,0.159999996,111115,0.846415102,0.001690254,298.2334885,296.7885651,288.0946615,2.304670846,3.195538919,31.59362874,13.53077397,24.36102676,3.060545171,0.12181774,1.826968212,1.233576959,0.076601215,28.95064491,0.731812736,57.93716777,387.6299526,0.011153957
05/20/2013,wp_peak,3,3,400,116,14:18:51,6478.5,0,13.14210808,0.250751556,287.0568347,2.828380728,1.210561829,24.79234314,6,1.420000017,1,2.840000033,23.71071625,24.79234314,23.49559975,400.8572998,383.7648315,15.74690151,19.07998657,54.11628342,65.57086182,499.4319458,1799.374756,175.0622559,101.1511536,1.874035835,-0.827206612,1,-0.219565243,2.737391472,1,0,0.159999996,111115,0.832386576,0.002828381,297.9423431,296.8607162,287.8999545,1.788325144,3.140524481,31.04783653,11.96784996,24.25152969,3.040526699,0.230408173,1.929962652,1.110564047,0.145704369,29.03612997,0.74800193,63.67020979,377.5177028,0.022164809
05/20/2013,wp_peak,3,3,400,117,14:18:51,6479,0,13.16725934,0.250960295,286.9316548,2.82904341,1.209919915,24.78860855,6,1.420000017,1,2.840000033,23.71076012,24.78860855,23.49511719,400.8606567,383.7373962,15.74554443,19.07948303,54.11126328,65.5687027,499.4213257,1799.385986,175.1125946,101.1507645,1.874035835,-0.827206612,1,-0.219565243,2.737391472,1,0,0.159999996,111115,0.832368876,0.002829043,297.9386086,296.8607601,287.9017514,1.788519447,3.139824209,31.04103292,11.96154988,24.24968433,3.040190309,0.230584404,1.929904294,1.110286015,0.145817129,29.02335623,0.747729196,63.68396454,377.4783118,0.022214343
05/20/2013,wp_peak,3,3,400,118,14:18:52,6479.5,0,13.16533502,0.251168763,287.0136127,2.82950061,1.209193655,24.7851181,6,1.420000017,1,2.840000033,23.7109623,24.7851181,23.49529266,400.8547974,383.7332764,15.74568462,19.08023262,54.11097717,65.57034302,499.4103699,1799.412354,175.2519226,101.1505585,1.874035835,-0.827206612,1,-0.219565243,2.737391472,1,0,0.159999996,111115,0.832350616,0.002829501,297.9351181,296.8609623,287.9059701,1.788837404,3.13916984,31.03462687,11.95439425,24.2480402,3.039890629,0.230760383,1.929976185,1.109914444,0.14592973,29.03158721,0.747950804,63.70075127,377.4751066,0.02221714
05/20/2013,wp_peak,3,3,400,119,14:18:52,6479.5,0,13.16533502,0.251168763,287.0136127,2.82950061,1.209193655,24.7851181,6,1.420000017,1,2.840000033,23.7109623,24.7851181,23.49529266,400.8547974,383.7332764,15.74568462,19.08023262,54.11097717,65.57034302,499.4103699,1799.412354,175.2519226,101.1505585,1.874035835,-0.827206612,1,-0.219565243,2.737391472,1,0,0.159999996,111115,0.832350616,0.002829501,297.9351181,296.8609623,287.9059701,1.788837404,3.13916984,31.03462687,11.95439425,24.2480402,3.039890629,0.230760383,1.929976185,1.109914444,0.14592973,29.03158721,0.747950804,63.70075127,377.4751066,0.02221714
05/20/2013,wp_peak,3,3,400,120,14:18:53,6480,0,13.16634861,0.251304966,287.0600087,2.829877477,1.208750164,24.78280258,6,1.420000017,1,2.840000033,23.7107048,24.78280258,23.49467087,400.8621216,383.7392578,15.74542427,19.08040237,54.11070251,65.57168579,499.412384,1799.378784,175.4120789,101.1501541,1.874035835,-0.827206612,1,-0.219565243,2.737391472,1,0,0.159999996,111115,0.832353973,0.002829877,297.9328026,296.8607048,287.900599,1.788860744,3.138735805,31.03045994,11.95005756,24.24675369,3.039656152,0.230875346,1.929985641,1.109670511,0.14600329,29.03616412,0.748060051,63.71072021,377.4806063,0.022222004
05/20/2013,wp_peak,3,5,400,121,14:21:18,6626,0,13.27784243,0.173166617,247.9931769,2.2439359,1.355424341,25.31798363,6,1.420000017,1,2.840000033,23.82798004,25.31798363,23.49742699,400.961792,383.9744263,15.99023151,18.63589096,54.56591415,63.59410477,499.4107971,1798.966309,220.7230682,101.1507797,1.77531147,-0.799735069,1,-0.219565243,2.737391472,1,0,0.159999996,111115,0.832351329,0.002243936,298.4679836,296.97798,287.8346029,2.036019926,3.240459243,32.03592945,13.40003849,24.57298183,3.099622812,0.163214736,1.885034902,1.21458791,0.10285896,25.08470321,0.645858578,59.55089236,377.6627759,0.020936863
05/20/2013,wp_peak,3,5,400,122,14:21:19,6626.5,0,13.27754417,0.173335181,248.1254993,2.244182029,1.354333512,25.31334877,6,1.420000017,1,2.840000033,23.82808685,25.31334877,23.49722481,400.967865,383.9804382,15.99187946,18.63786888,54.5711174,63.60035706,499.4022827,1798.937012,220.1613007,101.15065,1.77531147,-0.799735069,1,-0.219565243,2.737391472,1,0,0.159999996,111115,0.832337138,0.002244182,298.4633488,296.9780869,287.8299154,2.036491868,3.239566065,32.02714035,13.38927147,24.57071781,3.099203106,0.163364473,1.885232552,1.213970553,0.102954112,25.09805554,0.646193073,59.57470484,377.6689296,0.020944423
05/20/2013,wp_peak,3,5,400,123,14:21:19,6627,0,13.28209104,0.173395845,248.1328383,2.243818147,1.353669395,25.31052208,6,1.420000017,1,2.840000033,23.82856369,25.31052208,23.49723434,400.978302,383.9857788,15.99353886,18.63906288,54.57518005,63.60256958,499.4085388,1798.986816,219.5598145,101.1505814,1.77531147,-0.799735069,1,-0.219565243,2.737391472,1,0,0.159999996,111115,0.832347565,0.002243818,298.4605221,296.9785637,287.8378842,2.037231355,3.239021442,32.02177781,13.38271493,24.56954288,3.098985317,0.163418357,1.885352046,1.21363327,0.102988353,25.09878084,0.646203198,59.58863399,377.6721088,0.020956317
05/20/2013,wp_peak,3,5,400,124,14:21:20,6627.5,0,13.29942277,0.173552366,248.0840652,2.244323152,1.352827433,25.30769348,6,1.420000017,1,2.840000033,23.82878685,25.30769348,23.49758339,401.0028381,383.9897766,15.99593639,18.64196587,54.58272934,63.61174011,499.4240417,1798.956543,218.8263702,101.1507645,1.77531147,-0.799735069,1,-0.219565243,2.737391472,1,0,0.159999996,111115,0.832373403,0.002244323,298.4576935,296.9787868,287.8330404,2.037331701,3.238476532,32.01633274,13.37436687,24.56824017,3.098743855,0.163557376,1.885649098,1.213094757,0.103076696,25.09389285,0.646069454,59.60912447,377.667868,0.020991115
05/20/2013,wp_peak,3,5,400,125,14:21:20,6627.5,0,13.29942277,0.173552366,248.0840652,2.244323152,1.352827433,25.30769348,6,1.420000017,1,2.840000033,23.82878685,25.30769348,23.49758339,401.0028381,383.9897766,15.99593639,18.64196587,54.58272934,63.61174011,499.4240417,1798.956543,218.8263702,101.1507645,1.77531147,-0.799735069,1,-0.219565243,2.737391472,1,0,0.159999996,111115,0.832373403,0.002244323,298.4576935,296.9787868,287.8330404,2.037331701,3.238476532,32.01633274,13.37436687,24.56824017,3.098743855,0.163557376,1.885649098,1.213094757,0.103076696,25.09389285,0.646069454,59.60912447,377.667868,0.020991115
05/20/2013,wp_peak,3,7,400,126,14:23:35,6762,0,12.85491991,0.169433141,250.2199587,2.128731973,1.3127686,25.11958122,6,1.420000017,1,2.840000033,23.57386398,25.11958122,23.11731911,400.9456177,384.5190735,16.17187881,18.68144608,56.03674316,64.73257446,499.440094,1799.302368,842.9319458,101.1510925,1.925366402,-0.798701286,1,-0.219565243,2.737391472,1,0,0.159999996,111115,0.832400157,0.002128732,298.2695812,296.723864,287.8883725,2.090356207,3.20241728,31.6597399,12.97829383,24.3467226,3.05792353,0.159893939,1.889648681,1.16827485,0.100749097,25.3100222,0.650734842,60.3160148,378.4084602,0.020489963
05/20/2013,wp_peak,3,7,400,127,14:23:36,6762.5,0,12.86397371,0.169650588,250.2720351,2.130980807,1.312557357,25.11918068,6,1.420000017,1,2.840000033,23.57291222,25.11918068,23.11654854,400.9427185,384.5046082,16.17072487,18.68289185,56.03562164,64.74090576,499.449585,1799.26709,842.6502075,101.1504822,1.925366402,-0.798701286,1,-0.219565243,2.737391472,1,0,0.159999996,111115,0.832415975,0.002130981,298.2691807,296.7229122,287.8827279,2.089043093,3.202340876,31.65917559,12.97628374,24.34604645,3.057799655,0.160087577,1.889783519,1.168016136,0.100872104,25.31513702,0.650894761,60.32430266,378.3896911,0.020508229
05/20/2013,wp_peak,3,7,400,128,14:23:36,6763.5,0,12.89796083,0.170095265,250.2349171,2.136250692,1.312549404,25.11987495,6,1.420000017,1,2.840000033,23.57178307,25.11987495,23.11603928,400.9667358,384.4856873,16.16603088,18.68436432,56.02291107,64.75012207,499.4579773,1799.224731,842.1558228,101.1500244,1.925366402,-0.798701286,1,-0.219565243,2.737391472,1,0,0.159999996,111115,0.832429962,0.002136251,298.269875,296.7217831,287.8759506,2.085963394,3.202473311,31.66062816,12.97626384,24.34582901,3.05775982,0.160483476,1.889923907,1.167835913,0.101123606,25.31126798,0.650830253,60.33198526,378.3546144,0.020566938
05/20/2013,wp_peak,3,7,400,129,14:23:37,6764,0,12.90618695,0.170366156,250.340139,2.139008228,1.312271823,25.11891747,6,1.420000017,1,2.840000033,23.57124519,25.11891747,23.11547279,400.9707336,384.4787598,16.16376495,18.68531418,56.01684189,64.75547791,499.4644165,1799.224854,842.2053833,101.1499634,1.925366402,-0.798701286,1,-0.219565243,2.737391472,1,0,0.159999996,111115,0.832440694,0.002139008,298.2689175,296.7212452,287.8759701,2.084583851,3.202290668,31.6588416,12.97352742,24.34508133,3.057622846,0.160724595,1.890018845,1.167604002,0.101276786,25.3218959,0.651115654,60.34169838,378.3437766,0.020583958
05/20/2013,wp_peak,3,7,400,130,14:23:37,6764,0,12.90618695,0.170366156,250.340139,2.139008228,1.312271823,25.11891747,6,1.420000017,1,2.840000033,23.57124519,25.11891747,23.11547279,400.9707336,384.4787598,16.16376495,18.68531418,56.01684189,64.75547791,499.4644165,1799.224854,842.2053833,101.1499634,1.925366402,-0.798701286,1,-0.219565243,2.737391472,1,0,0.159999996,111115,0.832440694,0.002139008,298.2689175,296.7212452,287.8759701,2.084583851,3.202290668,31.6588416,12.97352742,24.34508133,3.057622846,0.160724595,1.890018845,1.167604002,0.101276786,25.3218959,0.651115654,60.34169838,378.3437766,0.020583958
05/20/2013,wp_peak,2,1,400,131,14:25:36,6884,0,12.3332535,0.137384426,229.0248108,1.804240868,1.357641988,25.21240807,6,1.420000017,1,2.840000033,23.52024651,25.21240807,23.11001778,400.9842529,385.3311768,16.2858448,18.41363525,56.61328125,64.00995636,499.3964233,1800.116089,325.0698242,101.1492386,1.942700386,-0.785858154,1,-0.219565243,2.737391472,1,0,0.159999996,111115,0.832327372,0.001804241,298.3624081,296.6702465,288.0185678,2.241392947,3.220167173,31.83580241,13.42216715,24.36632729,3.061517139,0.131045144,1.862525186,1.198991954,0.082450107,23.16568523,0.594358372,58.74836069,379.4685387,0.019094032
05/20/2013,wp_peak,2,1,400,132,14:25:37,6884.5,0,12.32867781,0.137542335,229.2368738,1.805172462,1.356857842,25.20898438,6,1.420000017,1,2.840000033,23.52015686,25.20898438,23.10971642,400.968811,385.321167,16.2860775,18.41491699,56.61434174,64.01470184,499.4074097,1800.106812,356.4137573,101.149147,1.942700386,-0.785858154,1,-0.219565243,2.737391472,1,0,0.159999996,111115,0.832345683,0.001805172,298.3589844,296.6701569,288.0170834,2.241351393,3.219510988,31.82934392,13.41442693,24.36457062,3.061194985,0.131188808,1.862653146,1.198541839,0.082541101,23.18711425,0.594924166,58.7660803,379.460704,0.019093099
05/20/2013,wp_peak,2,1,400,133,14:25:37,6885,0,12.3135141,0.13760184,229.4768194,1.805575445,1.356604109,25.20832062,6,1.420000017,1,2.840000033,23.52067947,25.20832062,23.11017799,400.9459839,385.3167419,16.28686333,18.41612625,56.61541748,64.01703644,499.4189453,1800.118408,356.1292419,101.1493759,1.942700386,-0.785858154,1,-0.219565243,2.737391472,1,0,0.159999996,111115,0.832364909,0.001805575,298.3583206,296.6706795,288.0189389,2.241324532,3.219383786,31.82801433,13.41188808,24.36450005,3.061182044,0.131242942,1.862779677,1.198402367,0.082575389,23.21143707,0.595553721,58.77298861,379.4634871,0.019071717
05/20/2013,wp_peak,2,1,400,134,14:25:38,6885.5,0,12.31376438,0.137808809,229.697849,1.80721696,1.355887792,25.20577812,6,1.420000017,1,2.840000033,23.52092934,25.20577812,23.11030579,400.954895,385.3246765,16.2872963,18.4184761,56.61581039,64.02394104,499.4221802,1800.119263,355.2490234,101.1489105,1.942700386,-0.785858154,1,-0.219565243,2.737391472,1,0,0.159999996,111115,0.8323703,0.001807217,298.3557781,296.6709293,288.0190756,2.240854468,3.218896584,31.82334409,13.40486798,24.36335373,3.060971838,0.131431211,1.863008791,1.197963047,0.082694637,23.23368717,0.596115076,58.79143406,379.4713027,0.019077697
05/20/2013,wp_peak,2,1,400,135,14:25:38,6885.5,0,12.31376438,0.137808809,229.697849,1.80721696,1.355887792,25.20577812,6,1.420000017,1,2.840000033,23.52092934,25.20577812,23.11030579,400.954895,385.3246765,16.2872963,18.4184761,56.61581039,64.02394104,499.4221802,1800.119263,355.2490234,101.1489105,1.942700386,-0.785858154,1,-0.219565243,2.737391472,1,0,0.159999996,111115,0.8323703,0.001807217,298.3557781,296.6709293,288.0190756,2.240854468,3.218896584,31.82334409,13.40486798,24.36335373,3.060971838,0.131431211,1.863008791,1.197963047,0.082694637,23.23368717,0.596115076,58.79143406,379.4713027,0.019077697
05/20/2013,wp_peak,2,2,400,136,14:33:44,7370.5,0,7.268286186,0.073739201,223.8058395,0.969128852,1.329560183,25.18170929,6,1.420000017,1,2.840000033,22.4887352,25.18170929,21.54144287,400.8229065,391.6346436,17.48979378,18.63243103,64.71764374,68.945755,499.4086914,1800.475586,112.8212509,101.1530609,1.885510445,-0.760513306,1,-0.219565243,2.737391472,1,0,0.159999996,111115,0.832347819,0.000969129,298.3317093,295.6387352,288.0760873,2.545779543,3.214287614,31.77647404,13.14404301,23.83522224,2.965457618,0.071873052,1.884727431,1.080730187,0.045084673,22.63864571,0.571465888,58.64029881,388.1796484,0.010979825
05/20/2013,wp_peak,2,2,400,137,14:33:44,7371,0,7.263245143,0.073737228,223.9312209,0.968927694,1.329323471,25.18074608,6,1.420000017,1,2.840000033,22.48814201,25.18074608,21.54131889,400.8352356,391.652771,17.49045753,18.63289833,64.72261047,68.95015717,499.3906555,1800.500488,113.11026,101.1533356,1.885510445,-0.760513306,1,-0.219565243,2.737391472,1,0,0.159999996,111115,0.832317759,0.000968928,298.3307461,295.638142,288.0800717,2.545987449,3.214103288,31.77456551,13.14166718,23.83444405,2.965318824,0.071871178,1.884779818,1.080539006,0.045083493,22.65138993,0.571759572,58.64529348,388.2001721,0.010972565
05/20/2013,wp_peak,2,2,400,138,14:33:45,7371.5,0,7.22656533,0.073853599,224.9977719,0.970020652,1.328779956,25.17868996,6,1.420000017,1,2.840000033,22.48736763,25.17868996,21.54091263,400.8059998,391.667511,17.49071884,18.63439178,64.72658539,68.95888519,499.4145813,1800.606445,113.4893112,101.1532822,1.885510445,-0.760513306,1,-0.219565243,2.737391472,1,0,0.159999996,111115,0.832357635,0.000970021,298.32869,295.6373676,288.0970248,2.545801007,3.213709846,31.77069273,13.13630094,23.83302879,2.965066424,0.07198173,1.88492989,1.080136533,0.045153094,22.75926311,0.574461158,58.65884275,388.2323479,0.01091877
05/20/2013,wp_peak,2,2,400,139,14:33:45,7372,0,7.213762786,0.073836989,225.2506663,0.969349672,1.328151936,25.17598343,6,1.420000017,1,2.840000033,22.48661804,25.17598343,21.54026604,400.7948914,391.6716614,17.49258423,18.63551903,64.73631287,68.96606445,499.3908691,1800.629395,113.8841553,101.1530762,1.885510445,-0.760513306,1,-0.219565243,2.737391472,1,0,0.159999996,111115,0.832318115,0.00096935,298.3259834,295.636618,288.1006967,2.546472276,3.213192012,31.76563812,13.13011909,23.83130074,2.964758263,0.07196595,1.885040076,1.079718187,0.045143159,22.7847978,0.57510075,58.67157009,388.242584,0.010901503
05/20/2013,wp_peak,2,2,400,140,14:33:46,7372.5,0,7.188129273,0.07385074,225.8526734,0.969245823,1.32776683,25.17439842,6,1.420000017,1,2.840000033,22.48631859,25.17439842,21.53975868,400.7736206,391.681488,17.49359512,18.63637352,64.74106598,68.97031403,499.4052734,1800.625244,114.2011337,101.152832,1.885510445,-0.760513306,1,-0.219565243,2.737391472,1,0,0.159999996,111115,0.832342122,0.000969246,298.3243984,295.6363186,288.1000326,2.546699449,3.21288879,31.76271712,13.1263436,23.83035851,2.964590248,0.071979014,1.88512196,1.079468288,0.045151384,22.84563754,0.576623303,58.67989304,388.2645956,0.010863691
05/20/2013,wp_peak,2,4,400,141,14:37:50,7617.5,0,11.67945614,0.143835451,243.5230049,1.728011668,1.245483335,24.60564804,6,1.420000017,1,2.840000033,23.13675499,24.60564804,23.12312508,400.21521,385.3838806,16.35154343,18.38933945,58.17726135,65.42755127,499.4321289,1800.413818,75.8553772,101.1564713,1.797589302,-0.786392212,1,-0.219565243,2.737391472,1,0,0.159999996,111115,0.832386882,0.001728012,297.755648,296.286755,288.0662045,2.314675478,3.105684023,30.70178293,12.31244349,23.87120152,2.971880834,0.136901879,1.860200687,1.111680147,0.086160721,24.63392784,0.631897225,60.86934345,379.8320265,0.018716716
05/20/2013,wp_peak,2,4,400,142,14:37:51,7618,0,11.65938771,0.143913612,243.8495843,1.728505995,1.245197315,24.60419273,6,1.420000017,1,2.840000033,23.13777924,24.60419273,23.12319565,400.2163391,385.4091492,16.35115814,18.38949394,58.1722908,65.42404938,499.442627,1800.446167,74.84798431,101.1564789,1.797589302,-0.786392212,1,-0.219565243,2.737391472,1,0,0.159999996,111115,0.832404378,0.001728506,297.7541927,296.2877792,288.0713803,2.314815312,3.10541377,30.69910899,12.30961505,23.87098598,2.97184232,0.136972685,1.860216456,1.111625865,0.086205595,24.66696532,0.632703154,60.87600043,379.8668347,0.018684887
05/20/2013,wp_peak,2,4,400,143,14:37:51,7618.5,0,11.63702799,0.143808609,244.0418632,1.727241764,1.245147822,24.6034832,6,1.420000017,1,2.840000033,23.13868713,24.6034832,23.122715,400.2182007,385.4385376,16.35192299,18.38875008,58.17160416,65.41757202,499.4473877,1800.408691,73.89221954,101.1560974,1.797589302,-0.786392212,1,-0.219565243,2.737391472,1,0,0.159999996,111115,0.832412313,0.001727242,297.7534832,296.2886871,288.0653842,2.315623625,3.105282016,30.69792228,12.3091722,23.87108517,2.971860043,0.136877563,1.860134194,1.111725849,0.08614531,24.68632248,0.63315377,60.87455745,379.9068518,0.018646648
05/20/2013,wp_peak,2,4,400,144,14:37:52,7618.5,0,11.63702799,0.143808609,244.0418632,1.727241764,1.245147822,24.6034832,6,1.420000017,1,2.840000033,23.13868713,24.6034832,23.122715,400.2182007,385.4385376,16.35192299,18.38875008,58.17160416,65.41757202,499.4473877,1800.408691,73.89221954,101.1560974,1.797589302,-0.786392212,1,-0.219565243,2.737391472,1,0,0.159999996,111115,0.832412313,0.001727242,297.7534832,296.2886871,288.0653842,2.315623625,3.105282016,30.69792228,12.3091722,23.87108517,2.971860043,0.136877563,1.860134194,1.111725849,0.08614531,24.68632248,0.63315377,60.87455745,379.9068518,0.018646648
05/20/2013,wp_peak,2,4,400,145,14:37:52,7618.5,0,11.63702799,0.143808609,244.0418632,1.727241764,1.245147822,24.6034832,6,1.420000017,1,2.840000033,23.13868713,24.6034832,23.122715,400.2182007,385.4385376,16.35192299,18.38875008,58.17160416,65.41757202,499.4473877,1800.408691,73.89221954,101.1560974,1.797589302,-0.786392212,1,-0.219565243,2.737391472,1,0,0.159999996,111115,0.832412313,0.001727242,297.7534832,296.2886871,288.0653842,2.315623625,3.105282016,30.69792228,12.3091722,23.87108517,2.971860043,0.136877563,1.860134194,1.111725849,0.08614531,24.68632248,0.63315377,60.87455745,379.9068518,0.018646648
05/20/2013,wp_peak,2,8,400,146,14:42:24,7892,0,6.841008636,0.11848034,287.8422684,1.542584202,1.338978726,24.59104156,6,1.420000017,1,2.840000033,23.18856239,24.59104156,23.10330391,399.7900085,390.8473206,15.61732006,17.43817329,55.39152145,61.84972382,499.4420166,1801.079834,241.8335266,101.1570282,1.720349312,-0.767932892,1,-0.219565243,2.737391472,1,0,0.159999996,111115,0.832403361,0.001542584,297.7410416,296.3385624,288.172767,2.421770527,3.102972513,30.67480894,13.23663565,23.88980198,2.975206259,0.113735475,1.763993788,1.211212471,0.071496265,29.11726846,0.736457059,57.5555685,387.5954327,0.010158482
05/20/2013,wp_peak,2,8,400,147,14:42:25,7892.5,0,6.873531922,0.118457718,287.3557696,1.542131463,1.338834178,24.58911514,6,1.420000017,1,2.840000033,23.18753242,24.58911514,23.10322952,399.8086853,390.827179,15.61575699,17.43607903,55.38938904,61.84610748,499.4421997,1801.129272,244.4114685,101.1569672,1.720349312,-0.767932892,1,-0.219565243,2.737391472,1,0,0.159999996,111115,0.832403666,0.001542131,297.7391151,296.3375324,288.1806772,2.422230113,3.102615052,30.67129372,13.23521469,23.88832378,2.974941865,0.113714628,1.763780873,1.211160992,0.071483085,29.06803815,0.735250221,57.55505833,387.5598311,0.010207625
05/20/2013,wp_peak,2,8,400,148,14:42:25,7893,0,6.910599601,0.118561322,286.9236055,1.542622183,1.338142855,24.5846653,6,1.420000017,1,2.840000033,23.18722153,24.5846653,23.10328865,399.8494568,390.8234558,15.61390591,17.43475723,55.38385391,61.84256363,499.4565735,1801.1698,248.057312,101.1569366,1.720349312,-0.767932892,1,-0.219565243,2.737391472,1,0,0.159999996,111115,0.832427622,0.001542622,297.7346653,296.3372215,288.1871615,2.422623692,3.101789488,30.66314176,13.22838453,23.88594341,2.97451615,0.113810098,1.763646633,1.210869517,0.071543447,29.02431299,0.734151447,57.56737601,387.5384877,0.010265434
05/20/2013,wp_peak,2,8,400,149,14:42:26,7893.5,0,6.919245157,0.118672208,286.8969761,1.543395082,1.337618922,24.58109474,6,1.420000017,1,2.840000033,23.1855793,24.58109474,23.10294342,399.8636169,390.82724,15.61168671,17.43337631,55.3815155,61.84384918,499.4775696,1801.238525,251.6427612,101.1570129,1.720349312,-0.767932892,1,-0.219565243,2.737391472,1,0,0.159999996,111115,0.832462616,0.001543395,297.7310947,296.3355793,288.1981576,2.42262482,3.101127195,30.65657145,13.22319514,23.88333702,2.974050073,0.113912271,1.763508273,1.2105418,0.071608047,29.02164112,0.734076202,57.57669424,387.5381622,0.010279949
05/20/2013,wp_peak,2,8,400,150,14:42:26,7894,0,6.920301457,0.118689741,286.8838572,1.542971901,1.337074055,24.57677078,6,1.420000017,1,2.840000033,23.18469238,24.57677078,23.10273361,399.8497314,390.8117371,15.60946941,17.43078041,55.37679291,61.83815002,499.4457397,1801.296509,255.9998322,101.1573334,1.720349312,-0.767932892,1,-0.219565243,2.737391472,1,0,0.159999996,111115,0.832409566,0.001542972,297.7267708,296.3346924,288.207435,2.423435261,3.10032532,30.64854733,13.21776692,23.88073158,2.973584231,0.113928426,1.763251265,1.210332966,0.071618262,29.02040598,0.734071754,57.58348914,387.5221572,0.010283157
